smoke,drink,age,pesticide,gender,skin_cancer_history,cancer_history,has_piped_water,has_sewage_system,fitspatrick,region,diameter_1,diameter_2,diagnostic,itch,grew,hurt,changed,bleed,elevation,lesion_area
0,0,55,0,1,1,1,1,1,3.0,NECK,6.0,5.0,1,1,1,0,1,1,1,1.0
0,1,79,0,0,1,0,0,0,1.0,FOREARM,5.0,5.0,1,1,1,0,0,1,1,0.0
0,1,52,0,1,0,1,1,1,3.0,FACE,15.0,10.0,1,0,1,0,1,1,1,5.0
0,0,74,1,1,0,0,0,0,1.0,FACE,15.0,10.0,1,1,1,1,0,1,1,5.0
0,1,58,1,1,1,1,1,1,1.0,FOREARM,9.0,7.0,0,0,1,0,0,0,0,2.0
0,0,34,1,1,1,0,0,0,2.0,NOSE,5.0,4.0,1,1,0,0,0,1,1,1.0
0,0,78,0,1,1,1,1,1,2.0,CHEST,20.0,18.0,1,1,1,1,1,1,1,2.0
0,0,52,1,0,1,1,1,0,1.0,THIGH,14.0,12.0,1,1,0,0,0,0,0,2.0
1,0,77,0,0,0,1,1,1,2.0,FACE,13.0,13.0,1,1,0,0,0,0,1,0.0
0,0,60,1,0,0,1,1,1,2.0,NOSE,3.0,3.0,1,1,0,0,0,0,0,0.0
0,0,74,0,0,0,0,1,0,2.0,NOSE,5.0,3.0,1,1,1,0,0,1,1,2.0
0,0,64,0,1,1,1,0,1,2.0,NOSE,7.0,5.0,1,1,0,0,0,0,1,2.0
0,0,61,1,0,1,0,1,1,2.0,CHEST,10.0,10.0,1,0,0,0,0,0,1,0.0
0,0,71,0,1,1,1,1,0,1.0,EAR,5.0,3.0,1,1,0,1,0,1,0,2.0
0,0,60,1,1,0,1,0,0,3.0,FACE,10.0,8.0,1,0,0,0,0,0,1,2.0
0,0,38,0,1,1,1,1,1,1.0,CHEST,10.0,9.0,1,1,0,1,0,1,0,1.0
1,0,64,1,0,1,1,1,1,2.0,FACE,10.0,10.0,1,1,1,1,0,1,1,0.0
0,0,54,0,1,1,1,1,1,3.0,FOREARM,10.0,10.0,0,0,0,0,0,0,0,0.0
0,0,82,0,1,0,0,0,0,1.0,CHEST,9.0,8.0,0,0,1,0,0,0,1,1.0
0,0,62,0,0,1,0,0,0,1.0,NOSE,10.0,6.0,1,0,1,0,0,0,0,4.0
0,0,63,0,1,0,0,1,1,2.0,FACE,7.0,5.0,1,0,0,0,0,0,0,2.0
0,0,49,1,1,1,0,1,1,1.0,FACE,5.0,5.0,1,1,0,1,0,0,1,0.0
0,1,31,1,0,0,0,1,1,3.0,FACE,10.0,7.0,1,0,1,0,0,1,1,3.0
0,0,36,0,0,0,1,1,0,4.0,BACK,7.0,4.0,0,1,0,0,0,0,0,3.0
0,1,75,0,0,1,1,1,1,2.0,ARM,8.0,7.0,1,1,0,0,0,0,1,1.0
0,0,34,0,0,0,0,1,1,3.0,BACK,15.0,12.0,0,0,0,0,0,0,0,3.0
0,0,77,0,1,0,1,1,1,2.0,NOSE,6.0,6.0,0,1,1,1,0,1,1,0.0
0,0,44,1,0,1,0,0,0,2.0,BACK,11.0,9.0,1,1,0,0,0,0,1,2.0
1,0,56,1,0,0,1,0,0,2.0,FOREARM,6.0,4.0,0,1,0,0,0,0,0,2.0
0,0,75,0,1,1,0,1,1,2.0,BACK,10.0,10.0,1,1,1,0,0,1,1,0.0
0,0,58,0,1,0,0,1,1,3.0,HAND,10.0,8.0,1,1,1,0,0,0,1,2.0
1,0,78,0,0,1,1,1,1,2.0,BACK,10.0,10.0,1,0,1,0,1,0,1,0.0
0,0,80,0,0,0,1,1,0,1.0,CHEST,20.0,18.0,1,1,1,0,0,0,1,2.0
0,1,64,1,0,0,1,0,0,3.0,CHEST,4.0,4.0,0,1,0,0,0,0,1,0.0
0,0,76,0,0,1,0,0,0,3.0,CHEST,9.0,7.0,1,1,0,0,0,0,0,2.0
0,0,48,1,0,1,0,0,0,2.0,NECK,5.0,5.0,1,1,0,0,0,1,1,0.0
0,0,51,0,1,1,1,1,1,3.0,BACK,6.0,4.0,0,0,1,0,1,0,0,2.0
0,0,47,1,1,1,0,1,1,3.0,CHEST,11.0,11.0,1,1,1,1,0,1,1,0.0
0,1,55,1,0,1,1,0,0,3.0,CHEST,6.0,5.0,0,1,0,0,0,0,1,1.0
0,1,35,0,0,1,0,1,1,2.0,FOREARM,9.0,7.0,1,0,0,0,0,0,1,2.0
0,1,47,0,1,0,1,0,0,2.0,CHEST,7.0,5.0,0,0,0,0,0,0,1,2.0
0,1,63,1,0,0,1,1,1,2.0,CHEST,40.0,20.0,1,1,1,1,0,1,1,20.0
0,0,56,1,1,0,0,1,0,2.0,NOSE,7.0,5.0,1,1,0,0,0,0,1,2.0
0,0,53,0,1,0,1,1,1,3.0,NECK,18.0,10.0,1,0,0,0,0,0,1,8.0
0,1,69,0,0,1,0,1,1,2.0,FACE,10.0,5.0,0,0,0,0,0,0,1,5.0
0,1,59,1,0,1,1,0,0,2.0,CHEST,10.0,8.0,0,0,1,0,0,0,0,2.0
0,1,69,1,0,1,1,1,1,3.0,HAND,11.0,10.0,0,1,0,0,0,0,1,1.0
0,0,57,1,1,1,1,0,0,1.0,FACE,9.0,7.0,1,1,1,0,1,1,1,2.0
0,0,71,1,1,1,0,1,1,3.0,FACE,9.0,6.0,1,1,1,1,1,0,1,3.0
0,0,57,1,1,1,0,0,0,3.0,FACE,6.0,5.0,0,1,1,0,0,0,0,1.0
0,1,58,1,0,1,0,1,1,2.0,BACK,7.0,6.0,0,0,0,0,0,0,0,1.0
0,0,83,1,0,0,1,0,0,2.0,CHEST,32.0,13.0,1,1,1,1,0,1,1,19.0
0,0,92,0,1,0,0,0,0,2.0,FOREARM,10.0,10.0,1,1,0,0,0,1,1,0.0
0,0,61,0,0,0,0,1,1,2.0,CHEST,9.0,7.0,1,1,0,0,0,0,1,2.0
0,0,49,0,1,0,0,0,0,2.0,THIGH,23.0,20.0,1,0,1,0,1,0,1,3.0
0,0,77,0,1,0,1,0,0,2.0,EAR,16.0,15.0,1,0,1,0,0,0,1,1.0
1,0,67,1,1,0,0,1,1,3.0,NOSE,3.0,3.0,1,0,0,0,0,0,0,0.0
0,0,46,1,1,0,1,0,0,3.0,NOSE,4.0,3.0,1,0,1,0,0,0,1,1.0
0,0,52,1,1,1,0,0,0,2.0,ARM,5.0,3.0,0,0,0,0,0,0,1,2.0
0,0,75,0,1,1,1,1,1,2.0,FACE,10.0,10.0,1,1,1,0,0,1,1,0.0
0,0,80,0,1,1,0,0,0,2.0,FOREARM,12.0,10.0,1,1,0,1,0,1,1,2.0
0,0,66,0,1,0,1,1,1,1.0,ARM,10.0,5.0,1,1,0,0,0,1,1,5.0
0,0,66,1,0,1,0,0,0,2.0,FOOT,5.0,4.0,1,1,0,0,0,0,1,1.0
1,0,60,1,0,0,0,1,1,3.0,FACE,20.0,10.0,0,1,0,0,0,0,0,10.0
0,0,52,1,0,1,1,0,0,3.0,FACE,3.0,3.0,1,1,1,1,0,0,1,0.0
0,0,83,1,0,0,1,0,0,2.0,CHEST,32.0,13.0,1,1,1,1,0,1,1,19.0
0,1,70,0,0,0,0,0,0,2.0,CHEST,18.0,13.0,1,0,1,0,0,0,1,5.0
0,0,46,0,1,0,0,0,0,3.0,FACE,12.0,5.0,1,1,1,0,1,0,0,7.0
0,0,83,0,0,0,1,0,0,1.0,FOREARM,8.0,8.0,0,1,0,0,0,0,1,0.0
0,0,85,0,0,0,0,1,0,2.0,NECK,30.0,24.0,1,1,1,0,0,0,1,6.0
0,0,41,0,1,1,0,0,0,3.0,NOSE,10.0,7.0,1,1,1,0,0,1,0,3.0
0,0,61,1,0,1,0,1,1,2.0,BACK,19.0,11.0,1,1,0,0,0,1,1,8.0
1,0,67,1,0,1,1,1,1,3.0,EAR,15.0,11.0,1,1,1,0,1,0,1,4.0
0,0,63,0,1,1,0,1,1,3.0,BACK,12.0,6.0,1,0,0,0,0,0,1,6.0
0,0,60,1,0,0,1,1,1,2.0,BACK,15.0,10.0,1,0,0,1,0,0,0,5.0
0,0,61,0,0,1,0,0,0,3.0,HAND,2.0,2.0,0,1,0,0,0,0,0,0.0
1,1,51,1,0,0,1,0,0,2.0,BACK,8.0,5.0,1,0,0,0,0,0,1,3.0
0,0,55,0,1,1,1,0,0,2.0,BACK,6.0,5.0,1,0,1,0,0,0,1,1.0
0,0,66,0,1,0,0,1,1,3.0,SCALP,17.0,15.0,0,1,0,0,0,0,0,2.0
1,0,62,0,1,1,1,1,1,2.0,CHEST,11.0,6.0,1,1,1,0,0,1,1,5.0
1,0,83,0,0,0,0,1,1,2.0,FOREARM,30.0,20.0,1,1,0,1,0,1,1,10.0
0,1,58,1,0,1,0,1,1,2.0,BACK,10.0,7.0,1,0,0,0,0,0,0,3.0
0,1,58,0,0,1,1,1,1,2.0,HAND,13.0,10.0,1,1,0,0,0,0,1,3.0
0,0,58,0,1,1,1,1,1,3.0,NOSE,17.0,14.0,1,1,1,1,1,1,1,3.0
0,0,62,1,1,0,0,0,0,2.0,NOSE,5.0,3.0,1,1,1,0,1,1,1,2.0
0,0,55,0,0,0,1,1,1,2.0,NOSE,4.0,3.0,1,1,0,1,0,1,0,1.0
1,1,69,0,0,0,1,1,1,3.0,ARM,7.0,7.0,1,1,1,0,1,0,1,0.0
0,1,70,0,0,0,1,1,1,2.0,FACE,11.0,9.0,1,1,1,0,0,0,1,2.0
0,0,36,0,1,0,1,1,1,2.0,CHEST,15.0,10.0,1,1,1,1,0,1,1,5.0
1,0,80,1,0,0,0,1,1,3.0,CHEST,15.0,12.0,0,0,0,0,0,0,0,3.0
0,0,85,1,1,0,1,1,0,3.0,NOSE,12.0,5.0,1,1,1,1,0,1,1,7.0
0,1,60,1,0,1,0,0,0,2.0,CHEST,8.0,6.0,1,1,0,0,0,0,1,2.0
0,0,61,1,0,1,0,1,1,2.0,BACK,9.0,8.0,1,1,0,0,0,0,1,1.0
0,0,57,1,1,1,0,0,0,3.0,FACE,6.0,6.0,1,0,1,0,0,1,1,0.0
1,1,64,1,0,1,1,1,1,3.0,FACE,10.0,8.0,1,1,1,1,0,0,1,2.0
0,0,71,0,0,0,0,1,1,2.0,CHEST,15.0,14.0,1,1,0,1,0,0,1,1.0
0,1,58,1,1,0,0,1,1,5.0,FOREARM,5.0,5.0,0,0,0,0,0,0,0,0.0
1,0,65,1,0,1,0,1,1,2.0,FACE,13.0,10.0,1,1,0,1,0,1,1,3.0
0,0,53,1,0,1,0,0,0,2.0,FACE,8.0,7.0,1,1,1,0,0,1,1,1.0
0,0,53,0,1,1,0,1,1,2.0,FOREARM,9.0,7.0,0,1,0,0,0,0,0,2.0
0,0,46,0,1,0,0,0,0,3.0,FACE,12.0,5.0,1,1,1,0,1,0,0,7.0
0,1,76,0,1,0,0,0,0,2.0,FACE,7.0,6.0,1,0,1,0,0,0,1,1.0
1,1,71,1,0,0,0,0,0,3.0,FOREARM,10.0,6.0,1,0,0,0,0,0,0,4.0
0,0,55,0,0,1,0,1,1,3.0,CHEST,13.0,12.0,1,1,1,0,0,0,1,1.0
0,1,56,1,0,0,0,0,1,1.0,FOREARM,20.0,15.0,1,0,0,0,1,0,1,5.0
0,0,69,0,0,0,0,0,0,2.0,CHEST,10.0,9.0,1,1,0,1,0,1,1,1.0
0,0,71,1,0,1,0,0,0,3.0,FACE,10.0,9.0,1,0,0,0,0,0,0,1.0
1,1,72,0,1,1,1,1,1,2.0,FACE,8.0,9.0,1,0,0,0,0,0,1,1.0
0,0,79,0,0,0,0,0,0,2.0,FACE,17.0,12.0,1,1,1,0,0,0,1,5.0
0,0,58,1,1,0,1,0,0,3.0,THIGH,15.0,12.0,1,1,0,0,0,1,1,3.0
0,0,14,0,1,1,0,0,0,2.0,FOOT,3.0,3.0,0,0,1,0,1,0,0,0.0
0,0,87,1,0,0,0,1,1,2.0,FOREARM,10.0,10.0,0,1,0,0,0,1,1,0.0
0,0,62,0,0,0,1,1,1,3.0,FOREARM,6.0,4.0,0,0,0,0,0,0,0,2.0
0,0,49,1,0,1,0,1,1,3.0,NOSE,14.0,9.0,1,1,1,1,0,1,1,5.0
0,1,80,0,0,1,0,0,0,1.0,FACE,6.0,6.0,1,0,1,0,0,0,1,0.0
0,0,55,0,0,1,0,1,1,3.0,FOREARM,10.0,7.0,0,1,1,0,0,1,1,3.0
0,1,21,0,1,0,0,1,1,3.0,THIGH,8.0,3.0,0,0,0,0,0,0,0,5.0
0,1,53,1,1,1,0,0,1,3.0,ARM,9.0,8.0,1,1,1,0,0,0,1,1.0
0,0,44,1,1,0,0,0,0,3.0,FACE,5.0,5.0,1,1,1,0,0,1,1,0.0
1,0,62,0,1,1,1,0,0,2.0,THIGH,5.0,4.0,0,0,0,0,0,0,1,1.0
0,0,71,1,0,0,1,0,0,2.0,ARM,15.0,13.0,1,1,1,1,0,1,1,2.0
0,1,47,1,0,0,0,0,0,2.0,BACK,22.0,20.0,1,1,1,0,0,0,0,2.0
0,0,94,0,0,0,0,1,1,1.0,EAR,20.0,18.0,1,1,1,0,0,0,1,2.0
0,0,58,0,1,1,1,1,1,3.0,BACK,13.0,12.0,1,1,1,1,1,1,0,1.0
0,1,47,1,0,0,1,1,1,2.0,CHEST,13.0,11.0,1,1,0,1,0,1,0,2.0
0,0,58,1,0,1,1,0,0,1.0,FACE,10.0,7.0,1,1,1,1,1,1,1,3.0
0,0,73,0,0,0,1,1,1,1.0,NOSE,6.0,4.0,1,0,0,0,0,0,0,2.0
0,0,80,0,0,0,1,1,1,4.0,FACE,7.0,5.0,1,1,1,0,0,1,1,2.0
0,0,43,0,1,1,1,0,0,3.0,CHEST,4.0,3.0,1,1,1,0,0,1,1,1.0
0,0,56,1,1,1,0,1,1,3.0,NOSE,5.0,3.0,1,1,1,0,0,0,1,2.0
0,0,70,0,1,0,1,1,1,2.0,ARM,24.0,20.0,1,1,1,1,0,1,0,4.0
0,0,76,0,0,0,0,1,1,1.0,FACE,6.0,4.0,1,1,1,0,0,0,1,2.0
0,0,66,0,1,1,1,0,0,3.0,FACE,9.0,6.0,1,1,1,0,0,0,1,3.0
0,0,52,0,1,0,1,1,1,3.0,FACE,9.0,6.0,1,1,0,0,0,1,1,3.0
0,0,90,0,1,1,1,1,1,1.0,BACK,7.0,4.0,0,0,1,0,0,0,1,3.0
0,0,69,0,0,0,1,0,0,2.0,FACE,10.0,4.0,1,1,1,1,0,1,1,6.0
0,0,74,0,0,0,0,1,0,2.0,BACK,15.0,15.0,0,0,0,0,0,0,1,0.0
0,0,71,0,0,1,1,0,1,3.0,CHEST,12.0,6.0,0,0,0,0,0,0,0,6.0
0,0,89,0,1,1,1,1,1,1.0,FACE,7.0,4.0,1,1,1,0,0,0,0,3.0
0,0,39,1,1,1,1,0,0,2.0,NECK,13.0,10.0,1,1,1,0,0,1,0,3.0
0,0,62,1,1,1,0,1,1,2.0,FACE,15.0,10.0,1,1,1,0,0,0,1,5.0
0,0,69,1,0,0,0,1,1,2.0,FACE,15.0,13.0,1,1,0,0,0,1,1,2.0
0,0,79,0,1,1,0,0,1,3.0,NOSE,9.0,8.0,1,1,1,1,0,0,1,1.0
0,0,26,1,1,1,1,0,0,3.0,CHEST,9.0,6.0,1,1,0,1,0,1,1,3.0
0,0,46,1,0,0,1,0,1,2.0,NOSE,6.0,4.0,0,1,0,1,1,1,0,2.0
0,0,53,0,1,1,1,1,1,3.0,FACE,5.0,4.0,1,0,0,0,0,0,1,1.0
0,0,40,1,1,1,1,1,0,3.0,CHEST,31.0,21.0,1,0,1,0,0,0,0,10.0
0,1,59,1,0,0,1,0,1,2.0,BACK,7.0,5.0,1,1,1,1,0,1,1,2.0
0,1,57,0,1,1,1,0,1,2.0,FOREARM,5.0,3.0,1,1,0,0,0,1,1,2.0
0,0,83,0,1,1,0,1,0,2.0,FOREARM,10.0,8.0,0,1,0,0,0,0,1,2.0
0,1,51,1,0,1,0,1,1,3.0,NOSE,7.0,5.0,1,0,0,0,0,0,1,2.0
1,0,58,1,1,0,0,0,0,3.0,NOSE,3.0,2.0,1,0,1,0,0,1,1,1.0
0,0,52,1,0,1,1,0,0,3.0,FACE,3.0,3.0,1,1,1,1,0,0,1,0.0
0,0,56,0,1,1,0,0,0,2.0,ARM,7.0,6.0,1,1,0,0,0,1,0,1.0
0,0,13,0,1,1,1,1,0,1.0,FACE,4.0,3.0,0,0,0,0,0,0,0,1.0
0,0,85,0,1,0,1,1,1,1.0,THIGH,20.0,15.0,1,1,0,1,0,1,1,5.0
0,1,59,1,0,1,0,0,0,3.0,FOREARM,18.0,16.0,1,1,1,0,0,0,0,2.0
0,0,30,0,1,1,1,1,1,3.0,BACK,6.0,6.0,0,0,0,0,0,0,1,0.0
0,0,85,1,1,0,0,1,1,3.0,EAR,35.0,25.0,1,0,1,0,1,1,1,10.0
1,0,67,0,0,0,0,1,1,2.0,ARM,15.0,11.0,1,1,0,0,0,1,1,4.0
0,0,57,1,1,1,0,0,0,3.0,CHEST,10.0,5.0,1,0,1,0,1,1,1,5.0
0,1,62,0,0,0,1,1,0,2.0,ARM,11.0,9.0,1,1,1,1,0,1,1,2.0
0,1,52,1,0,1,1,0,0,2.0,CHEST,9.0,5.0,1,1,1,1,0,1,1,4.0
1,0,64,1,0,1,1,1,1,2.0,FACE,10.0,10.0,0,1,0,0,0,0,0,0.0
0,0,58,1,0,0,1,1,1,2.0,BACK,14.0,11.0,1,0,0,0,1,0,0,3.0
0,0,56,0,1,1,1,1,1,1.0,FOREARM,12.0,7.0,1,1,0,0,0,0,1,5.0
0,0,68,0,1,0,1,1,0,2.0,CHEST,8.0,6.0,1,0,1,1,0,1,1,2.0
0,0,56,0,1,0,1,1,1,3.0,CHEST,18.0,6.0,1,0,1,0,1,0,0,12.0
0,0,50,1,0,1,0,0,0,2.0,BACK,8.0,7.0,1,1,0,0,0,0,1,1.0
0,1,59,1,0,0,0,0,0,3.0,BACK,18.0,18.0,1,1,1,1,0,1,1,0.0
0,1,52,1,0,1,1,0,0,2.0,CHEST,9.0,5.0,1,1,1,1,0,1,1,4.0
0,0,63,0,1,0,0,1,1,2.0,FACE,7.0,5.0,1,0,0,0,0,0,0,2.0
0,1,67,1,0,0,0,1,1,3.0,FOREARM,13.0,12.0,0,1,0,0,0,0,0,1.0
0,0,57,0,0,1,0,1,1,3.0,FOREARM,14.0,11.0,1,1,0,1,0,1,1,3.0
0,1,56,1,0,0,0,0,1,1.0,FOREARM,10.0,10.0,0,0,0,0,1,0,1,0.0
1,0,66,0,1,1,0,0,0,2.0,BACK,20.0,16.0,1,1,0,1,0,1,1,4.0
0,0,53,0,1,0,0,1,1,3.0,THIGH,6.0,2.0,1,1,0,0,0,0,1,4.0
1,0,57,1,0,0,0,1,1,2.0,CHEST,5.0,5.0,1,0,0,0,0,0,1,0.0
0,0,74,0,1,0,0,1,0,2.0,ARM,14.0,9.0,1,1,0,0,0,0,0,5.0
0,1,53,0,0,1,0,0,0,2.0,CHEST,12.0,9.0,1,1,0,0,0,0,1,3.0
0,1,54,0,1,0,1,1,1,4.0,BACK,14.0,12.0,1,1,1,0,1,0,1,2.0
0,0,22,1,1,1,0,0,0,3.0,CHEST,6.0,3.0,1,1,0,0,0,1,1,3.0
1,0,72,0,1,0,0,1,0,2.0,FACE,18.0,15.0,0,1,0,0,0,0,1,3.0
0,0,81,0,1,1,0,1,1,1.0,THIGH,15.0,12.0,1,1,1,0,1,0,0,3.0
0,1,49,0,0,0,0,1,1,3.0,FACE,10.0,5.0,0,0,0,0,0,0,0,5.0
0,0,70,0,1,0,0,1,1,3.0,ARM,10.0,6.0,0,0,1,1,1,0,1,4.0
0,0,90,0,1,0,1,0,0,1.0,FACE,13.0,7.0,0,1,1,0,0,0,0,6.0
0,1,63,1,0,1,1,1,1,2.0,CHEST,22.0,25.0,1,0,0,0,0,0,0,3.0
0,0,57,0,0,1,0,1,1,3.0,BACK,9.0,9.0,1,1,0,1,0,0,1,0.0
0,0,70,0,0,0,1,0,0,2.0,BACK,10.0,8.0,1,0,1,0,1,0,1,2.0
1,1,59,0,0,0,0,0,0,3.0,ABDOMEN,5.0,5.0,0,1,1,0,0,1,1,0.0
0,0,75,1,1,1,1,0,0,3.0,NECK,25.0,13.0,1,0,1,1,0,0,0,12.0
0,0,59,1,0,0,1,1,1,2.0,BACK,21.0,20.0,1,1,0,0,0,0,0,1.0
0,1,72,1,0,0,0,1,1,3.0,BACK,13.0,12.0,1,1,1,0,0,0,1,1.0
0,0,67,0,1,0,0,1,1,3.0,EAR,13.0,8.0,1,1,1,1,0,1,1,5.0
1,0,83,0,1,0,1,1,1,2.0,NECK,10.0,7.0,1,1,1,0,1,0,1,3.0
0,0,63,0,1,1,1,1,1,2.0,FACE,30.0,25.0,1,1,0,0,0,1,1,5.0
0,0,90,0,1,1,1,1,1,2.0,FOREARM,17.0,15.0,1,1,1,1,0,1,1,2.0
0,0,90,0,1,0,1,0,0,1.0,NECK,13.0,7.0,0,1,1,0,0,0,1,6.0
0,0,60,1,1,1,0,1,1,2.0,FACE,4.0,3.0,1,1,1,0,0,0,1,1.0
0,0,74,1,0,0,0,1,1,2.0,FACE,15.0,7.0,1,0,1,0,1,0,1,8.0
0,1,90,0,0,0,0,1,1,4.0,FOREARM,8.0,6.0,1,0,0,1,0,0,1,2.0
0,0,72,0,1,0,0,1,1,3.0,HAND,10.0,7.0,0,1,1,0,1,0,1,3.0
0,0,50,0,0,0,0,1,1,3.0,EAR,7.0,5.0,1,1,0,1,0,1,1,2.0
0,1,58,1,1,0,0,1,1,5.0,ARM,5.0,5.0,0,1,0,0,0,0,1,0.0
0,1,58,0,0,1,0,0,0,4.0,NOSE,10.0,10.0,1,1,0,1,0,1,0,0.0
0,1,66,1,0,0,1,1,0,1.0,FACE,5.0,5.0,1,0,1,0,0,0,1,0.0
0,0,84,0,1,1,0,0,0,3.0,FACE,3.0,3.0,0,1,0,0,0,0,1,0.0
0,1,63,0,0,1,1,1,1,3.0,CHEST,8.0,8.0,1,1,0,1,0,1,1,0.0
0,0,92,0,1,0,1,0,0,1.0,NOSE,5.0,3.0,1,1,1,0,0,0,1,2.0
0,0,53,0,1,0,1,1,1,3.0,NECK,5.0,9.0,1,1,0,0,0,0,1,4.0
0,0,58,1,1,1,1,0,1,2.0,FACE,3.0,3.0,1,0,0,0,0,1,1,0.0
0,0,57,1,1,1,0,1,1,3.0,FOREARM,15.0,5.0,0,0,0,0,0,0,0,10.0
0,0,88,0,1,1,1,0,0,2.0,EAR,13.0,10.0,1,1,1,1,0,1,1,3.0
0,0,55,1,1,1,0,0,0,2.0,ARM,5.0,5.0,0,1,0,0,0,0,0,0.0
0,0,86,0,1,0,1,0,0,2.0,ARM,14.0,12.0,1,1,0,0,0,0,0,2.0
0,0,79,0,1,0,0,1,1,2.0,ARM,20.0,14.0,1,1,0,0,0,1,0,6.0
0,0,53,0,0,0,0,1,1,2.0,ARM,10.0,8.0,1,1,1,1,0,1,1,2.0
0,0,36,0,0,0,1,1,0,4.0,BACK,7.0,4.0,0,1,0,0,0,0,0,3.0
0,1,62,1,0,1,1,0,0,3.0,FACE,14.0,12.0,1,1,0,1,0,1,1,2.0
0,0,65,0,1,0,0,0,0,2.0,ARM,15.0,10.0,1,0,0,0,0,0,0,5.0
0,0,37,1,0,1,1,1,1,2.0,ABDOMEN,10.0,5.0,1,1,0,0,0,0,1,5.0
0,0,68,0,1,0,1,0,1,2.0,NOSE,8.0,5.0,1,1,1,1,1,1,0,3.0
0,0,73,1,0,1,1,0,0,2.0,FOREARM,15.0,10.0,1,1,0,1,0,1,1,5.0
1,0,67,1,0,0,1,1,1,1.0,BACK,12.0,9.0,1,1,0,1,0,1,1,3.0
0,0,66,0,1,1,1,1,1,4.0,BACK,5.0,4.0,0,0,0,0,0,0,0,1.0
0,0,68,1,0,1,1,1,1,2.0,FACE,5.0,3.0,0,1,1,0,0,0,1,2.0
0,0,65,0,0,1,1,1,1,2.0,CHEST,6.0,4.0,0,1,0,0,0,0,1,2.0
0,0,62,1,0,1,1,1,1,3.0,FACE,9.0,6.0,1,1,1,1,1,1,0,3.0
0,0,61,1,1,0,0,0,1,3.0,HAND,4.0,3.0,1,1,0,0,0,0,1,1.0
0,0,57,0,1,1,0,1,1,3.0,NECK,2.0,1.0,1,1,1,0,1,0,1,1.0
1,0,79,1,0,0,0,1,1,3.0,CHEST,25.0,13.0,1,1,1,0,0,0,1,12.0
0,0,61,1,1,1,1,0,1,2.0,NOSE,8.0,6.0,1,1,0,0,0,0,1,2.0
0,1,46,1,0,1,0,0,0,2.0,ARM,7.0,5.0,0,1,0,0,0,0,1,2.0
0,0,51,0,1,0,1,1,1,1.0,BACK,13.0,10.0,1,1,0,0,0,0,1,3.0
0,1,64,0,0,1,1,1,0,2.0,FACE,0.0,0.0,1,1,1,1,0,1,1,0.0
0,0,54,0,0,1,0,1,1,2.0,FOREARM,5.0,5.0,1,0,0,0,0,0,1,0.0
0,0,66,0,1,1,0,0,0,2.0,NOSE,15.0,15.0,1,0,1,0,1,1,1,0.0
0,0,81,0,1,0,0,0,0,2.0,BACK,35.0,33.0,1,1,0,1,0,1,1,2.0
0,0,32,1,0,1,0,1,1,2.0,NOSE,5.0,5.0,1,1,1,1,0,1,1,0.0
1,1,69,0,0,0,1,1,1,3.0,FACE,6.0,3.0,1,1,0,0,0,0,1,3.0
1,0,75,0,0,1,1,1,1,2.0,LIP,6.0,5.0,1,0,0,0,1,0,1,1.0
0,0,71,0,0,0,0,0,0,3.0,FACE,6.0,4.0,1,1,0,0,0,1,0,2.0
0,1,39,1,0,0,1,1,0,2.0,CHEST,7.0,6.0,1,1,1,1,0,1,1,1.0
0,0,77,0,0,1,0,1,1,2.0,NECK,10.0,9.0,0,1,1,0,1,1,1,1.0
0,0,66,0,0,0,0,1,1,2.0,FOREARM,14.0,12.0,0,0,0,0,0,0,1,2.0
0,0,88,0,1,1,1,0,0,2.0,EAR,13.0,10.0,1,1,1,1,0,1,1,3.0
0,0,79,1,0,0,0,1,1,5.0,FACE,40.0,5.0,1,1,1,1,0,1,1,35.0
0,0,56,0,1,1,0,1,1,3.0,FACE,15.0,9.0,1,1,0,0,0,0,0,6.0
0,0,65,0,0,1,1,1,1,2.0,NECK,6.0,4.0,1,0,1,0,0,0,1,2.0
0,1,35,1,0,0,0,0,0,2.0,FACE,60.0,40.0,0,0,0,0,0,0,1,20.0
0,0,72,0,0,0,0,1,1,2.0,EAR,9.0,4.0,1,1,1,0,1,1,0,5.0
0,0,83,0,1,0,0,0,0,2.0,NECK,17.0,15.0,1,0,0,0,0,0,1,2.0
0,0,56,1,1,0,0,0,0,2.0,CHEST,9.0,6.0,1,1,1,0,0,0,1,3.0
0,0,57,0,0,1,0,1,1,3.0,ARM,20.0,8.0,1,1,0,1,0,1,1,12.0
0,0,77,0,1,0,0,0,0,2.0,LIP,10.0,3.0,1,1,0,1,0,0,1,7.0
0,0,71,0,1,1,1,1,0,1.0,FOREARM,15.0,8.0,1,1,1,1,0,1,0,7.0
0,1,85,0,0,1,1,1,1,2.0,THIGH,11.0,10.0,1,0,1,0,1,0,1,1.0
0,0,68,1,0,0,1,0,0,2.0,FOREARM,11.0,8.0,1,1,1,0,0,1,1,3.0
0,1,43,1,0,1,1,0,0,3.0,FACE,4.0,4.0,1,1,1,0,0,0,1,0.0
0,0,69,1,0,0,1,1,1,4.0,FOREARM,25.0,23.0,0,1,0,1,0,1,0,2.0
0,0,62,1,0,0,1,1,1,2.0,FACE,10.0,7.0,1,1,0,0,0,0,1,3.0
1,0,67,1,1,0,0,1,1,3.0,NOSE,3.0,3.0,1,0,0,0,0,0,0,0.0
0,0,58,1,1,1,1,0,0,2.0,ARM,9.0,4.0,1,0,1,0,1,0,1,5.0
1,1,55,1,0,0,0,1,1,2.0,ARM,10.0,7.0,1,1,0,0,0,0,1,3.0
0,1,77,0,1,0,1,1,1,3.0,FACE,2.0,6.0,1,0,0,0,0,0,1,4.0
0,0,68,1,0,1,1,1,1,2.0,FOREARM,11.0,7.0,1,1,1,1,1,1,1,4.0
0,0,72,0,0,1,0,0,0,3.0,CHEST,20.0,18.0,1,1,1,0,0,1,1,2.0
1,0,62,0,1,1,1,1,1,2.0,FACE,10.0,6.0,1,1,1,0,0,0,1,4.0
0,0,63,1,0,0,0,0,0,3.0,EAR,6.0,6.0,1,0,0,0,0,0,0,0.0
0,1,62,1,0,1,0,1,1,2.0,FOREARM,8.0,7.0,0,0,0,0,0,0,1,1.0
0,0,57,1,1,1,0,0,0,3.0,HAND,9.0,9.0,1,0,1,0,0,1,1,0.0
0,0,64,1,0,1,0,1,1,2.0,FOREARM,14.0,10.0,1,1,1,0,0,1,1,4.0
0,0,56,0,1,0,0,0,0,2.0,FACE,12.0,11.0,1,1,1,0,0,0,1,1.0
0,0,71,1,0,0,1,0,0,2.0,ARM,15.0,13.0,1,1,1,1,0,1,1,2.0
0,1,21,1,0,1,0,1,1,2.0,BACK,20.0,10.0,0,0,1,0,0,0,1,10.0
1,1,82,1,0,0,1,0,0,2.0,EAR,6.0,6.0,1,0,1,0,1,0,0,0.0
0,0,55,1,1,1,0,0,0,2.0,BACK,5.0,5.0,0,0,0,0,0,0,1,0.0
0,0,77,0,1,1,1,1,1,3.0,FACE,25.0,10.0,0,1,0,0,0,0,0,15.0
0,0,69,0,0,0,1,0,0,2.0,FACE,10.0,8.0,1,0,1,0,1,0,1,2.0
1,0,67,0,0,0,0,1,1,2.0,FOREARM,21.0,13.0,1,1,0,0,0,0,1,8.0
0,1,88,1,0,1,1,1,1,2.0,FACE,9.0,7.0,1,1,0,0,0,1,1,2.0
0,1,56,1,0,0,0,0,1,1.0,FOREARM,20.0,15.0,1,1,0,1,0,1,1,5.0
1,1,64,1,0,1,1,1,1,3.0,FACE,10.0,8.0,1,1,1,1,0,0,1,2.0
0,1,75,0,0,0,1,1,1,1.0,FACE,8.0,5.0,1,0,0,0,0,0,1,3.0
0,0,46,1,1,0,0,1,0,2.0,BACK,10.0,5.0,1,1,1,0,0,0,1,5.0
1,1,59,0,0,0,0,1,1,2.0,NECK,20.0,15.0,1,1,1,1,0,1,1,5.0
1,0,86,0,1,0,0,1,1,2.0,NOSE,13.0,10.0,1,1,0,0,0,0,1,3.0
0,0,73,0,1,1,0,1,1,2.0,FACE,5.0,5.0,1,1,0,0,0,0,1,0.0
0,1,59,1,0,0,1,1,1,2.0,BACK,1.0,1.0,1,1,0,1,0,1,0,0.0
0,0,69,0,0,0,1,0,0,2.0,FACE,10.0,4.0,1,1,1,1,0,1,1,6.0
0,1,72,1,0,1,1,1,1,2.0,FOREARM,10.0,8.0,1,1,0,1,0,1,1,2.0
0,0,70,1,1,1,1,1,1,2.0,FACE,13.0,9.0,0,1,1,0,0,1,0,4.0
1,1,89,0,1,1,0,1,1,1.0,FACE,10.0,8.0,1,1,0,0,0,0,1,2.0
0,1,55,1,1,0,1,0,0,2.0,NOSE,5.0,5.0,1,0,0,0,0,0,1,0.0
0,0,45,1,0,1,0,0,0,2.0,EAR,5.0,4.0,1,1,1,0,0,0,1,1.0
0,0,81,0,0,0,1,1,1,2.0,SCALP,8.0,8.0,0,0,0,0,0,0,0,0.0
0,0,75,0,1,1,0,1,1,2.0,CHEST,9.0,7.0,1,1,0,0,0,0,1,2.0
0,0,53,1,0,1,1,1,0,1.0,FACE,4.0,3.0,1,1,1,1,0,1,1,1.0
0,0,75,1,0,0,1,1,1,2.0,FOREARM,11.0,7.0,1,0,1,0,1,0,1,4.0
1,0,85,0,1,0,1,1,1,2.0,NOSE,13.0,3.0,1,1,1,1,0,1,1,10.0
0,1,78,0,1,0,0,1,1,2.0,FOREARM,20.0,15.0,1,1,0,1,0,1,1,5.0
0,0,43,0,1,0,1,1,1,4.0,NECK,20.0,8.0,1,0,1,0,0,0,0,12.0
0,0,51,0,1,1,1,1,1,3.0,BACK,8.0,5.0,0,0,1,0,1,0,0,3.0
0,0,65,0,0,1,1,1,1,2.0,FACE,6.0,4.0,0,0,0,0,0,0,1,2.0
1,0,71,1,0,0,1,0,0,2.0,EAR,30.0,20.0,0,1,1,1,0,1,0,10.0
0,1,59,1,0,1,0,0,0,3.0,FACE,9.0,10.0,1,1,1,0,0,0,0,1.0
1,0,56,1,0,0,1,0,0,2.0,NOSE,6.0,4.0,0,0,0,1,0,0,0,2.0
0,0,57,0,1,1,1,0,0,3.0,CHEST,17.0,15.0,0,0,1,0,0,0,1,2.0
0,0,55,0,1,1,1,1,1,3.0,CHEST,10.0,10.0,1,1,1,0,1,0,0,0.0
0,0,22,0,1,0,1,1,1,3.0,FACE,25.0,12.0,1,1,0,1,0,1,1,13.0
0,0,35,0,1,0,1,1,1,2.0,FACE,11.0,7.0,1,0,0,0,0,0,1,4.0
0,0,74,0,1,0,1,1,1,3.0,THIGH,6.0,6.0,0,0,0,0,0,0,1,0.0
1,1,71,0,0,0,1,0,0,2.0,FACE,7.0,6.0,1,1,0,1,0,1,1,1.0
0,0,63,0,1,0,1,1,1,4.0,NECK,6.0,4.0,0,0,1,0,1,0,0,2.0
0,0,68,1,0,1,1,1,1,2.0,FACE,5.0,3.0,0,1,1,0,0,0,1,2.0
0,1,59,1,0,0,0,0,0,3.0,BACK,18.0,18.0,1,1,1,1,0,1,1,0.0
0,0,46,1,1,0,0,1,0,2.0,BACK,10.0,5.0,1,1,1,0,0,0,1,5.0
0,0,63,0,1,1,0,1,1,2.0,FACE,9.0,5.0,1,1,0,0,0,0,1,4.0
0,0,61,0,1,0,1,1,1,3.0,FACE,5.0,5.0,0,0,1,0,1,0,1,0.0
0,1,51,1,0,0,1,0,0,2.0,CHEST,23.0,13.0,1,1,0,1,0,1,1,10.0
1,1,65,1,0,1,1,1,1,2.0,FACE,6.0,5.0,0,1,1,0,0,0,1,1.0
0,0,90,0,1,0,1,0,0,1.0,FACE,7.0,5.0,1,1,0,0,0,0,1,2.0
0,0,64,1,0,1,0,1,1,2.0,BACK,10.0,9.0,1,1,1,0,0,1,1,1.0
0,0,61,1,1,0,0,0,1,3.0,HAND,5.0,4.0,1,1,0,1,0,0,1,1.0
0,1,55,0,0,0,1,1,1,2.0,FACE,5.0,4.0,1,0,0,0,0,0,1,1.0
1,1,60,1,0,1,0,1,1,1.0,ARM,15.0,10.0,1,1,0,0,0,0,1,5.0
1,0,62,0,1,1,1,1,1,2.0,CHEST,11.0,6.0,1,1,1,0,0,1,1,5.0
0,0,75,0,1,1,0,1,1,2.0,CHEST,24.0,18.0,1,1,0,1,0,1,1,6.0
0,0,58,1,0,0,1,0,0,3.0,FACE,6.0,4.0,1,0,0,0,0,0,1,2.0
0,0,57,1,1,1,0,0,0,3.0,FACE,11.0,10.0,1,0,1,0,1,1,1,1.0
0,0,49,0,1,0,0,0,0,2.0,THIGH,23.0,20.0,1,0,1,0,1,0,1,3.0
0,0,84,0,0,1,1,0,0,2.0,CHEST,20.0,10.0,1,1,1,0,0,1,1,10.0
0,0,71,0,1,0,0,0,1,2.0,EAR,20.0,10.0,1,1,0,0,0,0,1,10.0
0,0,65,0,1,0,0,1,0,2.0,NOSE,13.0,10.0,1,0,1,0,1,1,1,3.0
0,0,73,0,1,1,0,1,1,2.0,FACE,25.0,20.0,1,1,0,1,0,1,1,5.0
0,0,72,0,0,0,0,1,1,3.0,FACE,13.0,10.0,1,1,1,0,0,0,1,3.0
0,0,53,1,0,1,1,1,0,1.0,ARM,9.0,6.0,0,1,0,0,0,0,0,3.0
0,0,66,0,1,1,0,0,0,2.0,FOREARM,6.0,5.0,1,1,0,0,0,0,1,1.0
0,0,73,0,1,0,1,1,1,3.0,ARM,10.0,7.0,1,0,1,0,0,0,1,3.0
1,0,69,0,0,1,0,0,0,1.0,EAR,11.0,11.0,1,1,0,1,0,1,1,0.0
0,0,51,0,1,1,0,0,0,1.0,BACK,12.0,8.0,1,0,0,0,0,0,0,4.0
0,0,71,0,1,1,1,1,1,3.0,BACK,20.0,17.0,1,1,1,0,1,0,1,3.0
0,0,61,0,1,0,1,1,1,2.0,ARM,10.0,10.0,0,0,0,0,0,0,0,0.0
0,0,66,0,1,0,1,0,0,2.0,ARM,11.0,10.0,0,1,0,1,0,0,1,1.0
0,0,94,0,1,1,1,1,1,2.0,NOSE,8.0,7.0,1,1,0,1,0,1,1,1.0
0,0,60,0,1,0,1,0,0,1.0,FOOT,10.0,8.0,0,1,0,1,0,0,1,2.0
0,0,65,0,1,1,1,1,1,3.0,NECK,6.0,5.0,1,1,0,0,0,0,1,1.0
0,1,70,0,0,0,1,1,1,2.0,BACK,15.0,10.0,1,1,0,0,0,0,1,5.0
0,1,57,1,1,1,0,1,1,3.0,HAND,14.0,13.0,1,0,1,1,1,0,1,1.0
0,0,92,0,1,0,0,0,0,2.0,ARM,20.0,15.0,1,1,0,0,0,1,0,5.0
0,0,83,0,1,0,1,1,1,2.0,FACE,4.0,3.0,0,0,1,0,0,0,1,1.0
0,1,74,0,0,1,1,1,1,2.0,EAR,7.0,5.0,1,0,0,0,0,0,1,2.0
0,0,57,1,1,0,0,1,1,5.0,ARM,19.0,18.0,1,1,1,1,0,0,1,1.0
0,1,52,1,0,0,1,0,0,2.0,BACK,12.0,6.0,1,1,0,1,0,1,1,6.0
0,0,72,0,0,1,0,0,0,3.0,CHEST,20.0,18.0,1,1,1,0,0,1,1,2.0
0,0,55,0,1,0,0,1,1,3.0,BACK,16.0,13.0,1,1,1,0,0,1,1,3.0
0,0,67,1,0,0,0,1,1,2.0,FACE,10.0,5.0,1,0,0,0,0,0,1,5.0
0,0,64,0,1,1,0,1,1,3.0,THIGH,5.0,5.0,1,0,0,0,0,1,1,0.0
0,0,66,0,1,0,1,1,1,3.0,FACE,6.0,6.0,0,1,0,0,0,0,0,0.0
0,0,76,0,1,0,1,0,0,2.0,ARM,8.0,7.0,1,0,0,0,0,0,1,1.0
0,0,58,1,1,1,1,0,0,3.0,FACE,5.0,4.0,1,1,0,0,0,0,1,1.0
0,0,43,0,1,1,0,0,0,1.0,BACK,11.0,8.0,1,1,0,0,0,0,1,3.0
0,0,32,0,1,1,1,0,0,2.0,BACK,7.0,3.0,0,0,0,0,0,0,0,4.0
0,0,73,1,1,1,1,1,1,3.0,ARM,9.0,8.0,1,1,1,1,0,1,0,1.0
1,0,58,1,1,0,0,0,0,3.0,NOSE,3.0,2.0,1,0,1,0,0,1,1,1.0
0,0,75,0,1,0,0,1,1,2.0,BACK,6.0,6.0,0,1,0,0,0,0,0,0.0
0,1,21,1,0,1,0,1,1,2.0,BACK,20.0,10.0,1,0,1,0,0,0,0,10.0
0,0,56,1,1,0,0,0,0,2.0,CHEST,9.0,6.0,1,1,1,0,0,0,1,3.0
0,0,84,0,1,0,1,1,1,2.0,FOREARM,15.0,10.0,1,1,0,1,0,1,1,5.0
0,0,78,0,0,0,1,1,0,1.0,BACK,10.0,7.0,1,1,1,0,0,0,1,3.0
0,0,64,1,0,0,1,1,1,4.0,CHEST,1.0,1.0,1,1,1,0,0,0,1,0.0
0,0,75,1,0,1,1,1,1,2.0,FOREARM,15.0,15.0,1,1,0,0,0,0,1,0.0
0,0,71,0,1,1,1,1,0,2.0,FACE,9.0,5.0,1,0,1,0,0,0,1,4.0
0,0,73,0,1,0,0,0,0,2.0,FOREARM,9.0,6.0,0,1,0,0,0,0,0,3.0
0,0,71,1,0,1,1,0,0,3.0,CHEST,14.0,10.0,1,1,1,1,0,1,1,4.0
0,1,30,0,0,0,1,0,0,2.0,NECK,20.0,20.0,1,0,0,0,0,0,0,0.0
0,0,70,0,1,0,1,0,0,2.0,FACE,10.0,7.0,1,1,0,1,0,1,1,3.0
0,0,63,1,0,0,1,1,1,2.0,NECK,15.0,7.0,1,0,1,0,1,1,1,8.0
0,0,82,1,0,0,1,1,1,2.0,FACE,8.0,5.0,1,1,0,1,0,1,1,3.0
0,0,75,0,1,1,1,1,1,2.0,FACE,20.0,15.0,1,1,1,0,0,1,1,5.0
0,0,66,0,1,0,0,1,1,2.0,FACE,8.0,7.0,1,1,0,0,0,0,1,1.0
0,1,39,1,0,0,0,1,1,2.0,FOREARM,10.0,10.0,0,0,0,0,0,0,0,0.0
0,0,77,0,1,0,1,1,1,3.0,NOSE,4.0,3.0,1,1,1,0,0,1,1,1.0
0,0,80,0,1,1,1,1,1,3.0,FACE,15.0,10.0,1,1,0,0,0,1,1,5.0
0,0,69,0,0,0,0,1,1,3.0,FOREARM,20.0,13.0,1,1,0,0,0,1,0,7.0
0,0,57,1,0,0,1,0,0,3.0,FOREARM,12.0,10.0,1,1,0,1,0,1,1,2.0
0,0,53,1,1,1,1,0,0,2.0,BACK,16.0,10.0,1,1,1,0,0,0,1,6.0
1,1,69,0,0,0,1,1,1,2.0,BACK,7.0,7.0,1,0,0,0,0,0,1,0.0
0,0,47,0,1,0,1,0,0,3.0,FACE,19.0,10.0,0,1,0,0,0,0,0,9.0
0,0,50,0,1,1,0,0,0,1.0,HAND,25.0,11.0,0,1,0,0,0,0,1,14.0
0,0,82,0,0,0,0,1,1,2.0,FOREARM,6.0,6.0,0,1,0,0,0,0,0,0.0
0,0,61,0,1,0,1,1,1,3.0,NOSE,4.0,4.0,1,1,0,0,0,1,1,0.0
0,1,80,1,0,0,1,1,1,2.0,HAND,3.0,2.0,0,0,0,0,0,0,1,1.0
0,1,66,0,1,1,1,1,1,2.0,ARM,8.0,7.0,0,0,0,0,0,0,1,1.0
0,0,79,0,1,0,0,1,1,2.0,ARM,20.0,14.0,1,1,0,0,0,1,0,6.0
0,0,77,0,0,1,0,0,0,2.0,EAR,6.0,6.0,1,1,0,1,0,1,0,0.0
0,1,71,0,0,1,1,1,1,2.0,EAR,25.0,18.0,1,1,0,1,0,1,1,7.0
1,1,63,1,0,1,1,1,1,2.0,ARM,9.0,9.0,1,1,0,0,0,1,1,0.0
0,1,71,0,0,0,0,0,0,2.0,FOREARM,5.0,4.0,0,0,1,1,0,0,1,1.0
0,0,77,0,0,1,0,1,1,2.0,NECK,10.0,9.0,0,0,0,0,0,0,0,1.0
0,0,46,1,0,0,1,0,1,2.0,FACE,10.0,9.0,1,0,1,0,0,0,1,1.0
0,1,70,0,0,0,1,1,1,2.0,BACK,21.0,21.0,1,1,1,1,0,0,1,0.0
0,0,71,0,0,0,0,1,1,2.0,EAR,10.0,6.0,1,0,0,0,0,0,1,4.0
1,1,60,0,1,0,0,1,0,1.0,FACE,13.0,10.0,1,1,0,0,0,0,1,3.0
0,0,57,0,1,0,1,1,1,3.0,NECK,7.0,5.0,0,1,0,0,0,1,1,2.0
1,0,50,0,1,0,1,1,1,3.0,FOOT,5.0,3.0,0,0,1,0,0,0,1,2.0
0,0,55,0,1,0,1,0,0,2.0,NOSE,7.0,5.0,1,1,1,1,0,1,1,2.0
0,0,71,0,1,0,1,0,0,3.0,CHEST,4.0,3.0,0,0,1,0,0,0,1,1.0
0,1,54,0,1,0,1,0,0,3.0,FOREARM,15.0,13.0,1,1,1,0,0,1,1,2.0
0,0,85,1,1,1,0,1,1,2.0,SCALP,30.0,25.0,1,1,0,0,0,0,1,5.0
1,1,75,1,0,1,0,1,1,1.0,EAR,5.0,4.0,1,1,0,1,0,1,1,1.0
0,0,57,0,0,1,0,1,1,4.0,CHEST,12.0,10.0,1,1,1,1,0,0,1,2.0
0,1,58,1,0,1,0,0,0,2.0,FOREARM,15.0,12.0,1,1,1,0,1,0,1,3.0
0,0,52,0,0,0,0,1,1,2.0,FOREARM,10.0,10.0,0,1,0,0,0,0,1,0.0
0,1,55,1,0,1,0,0,0,2.0,NECK,8.0,6.0,1,0,0,0,0,0,1,2.0
0,0,70,0,1,1,0,1,1,2.0,BACK,14.0,13.0,1,1,0,0,0,0,1,1.0
0,1,51,1,0,1,1,1,1,3.0,CHEST,10.0,9.0,1,1,0,1,0,1,1,1.0
1,0,69,0,0,1,0,1,1,2.0,FACE,8.0,7.0,1,1,0,0,0,1,1,1.0
0,0,32,0,1,1,0,1,1,2.0,THIGH,7.0,7.0,0,1,1,0,1,0,0,0.0
0,0,62,1,0,0,1,1,1,2.0,HAND,10.0,7.0,0,1,0,0,0,0,0,3.0
0,0,69,0,0,0,1,0,0,2.0,FOREARM,18.0,18.0,1,1,1,1,0,1,1,0.0
0,0,43,1,0,0,0,1,1,2.0,FACE,15.0,13.0,1,1,1,0,0,1,1,2.0
0,0,50,1,0,1,1,0,0,2.0,CHEST,35.0,27.0,1,1,0,1,0,0,1,8.0
0,0,66,0,1,1,0,0,0,2.0,NOSE,15.0,15.0,1,0,1,0,1,1,1,0.0
1,0,80,1,0,0,0,1,1,3.0,FACE,15.0,12.0,1,1,0,0,0,1,1,3.0
1,1,45,0,1,1,1,1,1,2.0,CHEST,20.0,16.0,1,0,0,0,0,0,1,4.0
0,0,54,0,0,1,0,1,1,2.0,FACE,8.0,8.0,1,1,0,0,0,0,1,0.0
0,1,67,0,1,1,0,0,0,1.0,FOREARM,6.0,6.0,1,0,1,0,0,0,1,0.0
0,1,40,0,0,1,0,1,0,2.0,CHEST,4.0,2.0,1,1,1,1,0,1,1,2.0
0,0,79,0,0,0,0,1,1,2.0,FACE,5.0,4.0,1,1,0,1,0,0,1,1.0
0,1,47,1,0,1,0,0,0,2.0,EAR,7.0,5.0,1,1,0,1,0,1,1,2.0
0,0,80,0,1,0,0,1,1,3.0,FOREARM,5.0,4.0,0,1,0,1,0,0,0,1.0
0,0,46,1,0,0,1,0,0,2.0,FACE,6.0,5.0,1,0,0,0,0,0,1,1.0
0,1,62,0,0,1,1,1,1,2.0,NOSE,5.0,4.0,1,1,0,1,0,1,1,1.0
0,0,60,1,1,0,0,1,0,4.0,FACE,17.0,7.0,1,0,1,0,0,0,1,10.0
0,1,76,0,0,0,1,1,1,1.0,FOREARM,6.0,5.0,0,1,0,0,0,1,0,1.0
1,1,64,1,0,1,1,1,1,3.0,FACE,7.0,6.0,1,0,1,0,0,0,1,1.0
0,0,53,0,1,1,0,1,1,2.0,HAND,7.0,6.0,1,1,1,1,0,1,1,1.0
0,0,61,0,1,0,0,1,1,2.0,NECK,9.0,8.0,1,0,0,0,0,0,1,1.0
0,0,53,0,1,1,0,1,1,2.0,FOREARM,20.0,15.0,0,1,1,1,0,1,1,5.0
0,0,27,0,1,0,1,1,1,3.0,ABDOMEN,5.0,4.0,0,0,0,0,0,0,0,1.0
0,0,73,0,1,1,1,1,1,3.0,NOSE,4.0,3.0,1,1,1,0,0,1,1,1.0
0,0,79,0,0,0,0,0,0,2.0,FACE,10.0,8.0,1,1,0,0,0,0,1,2.0
0,1,56,0,1,1,1,0,1,2.0,CHEST,9.0,8.0,1,1,0,0,0,1,0,1.0
0,0,68,0,1,1,1,1,1,3.0,ARM,12.0,11.0,1,1,0,0,0,0,1,1.0
0,0,74,1,0,0,0,1,1,2.0,ARM,12.0,10.0,1,1,0,0,0,0,1,2.0
0,0,73,0,1,0,0,0,0,2.0,FOREARM,9.0,6.0,0,1,1,0,0,1,0,3.0
0,0,49,1,0,1,0,0,1,2.0,FACE,16.0,10.0,1,1,0,0,0,0,1,6.0
0,0,74,0,1,1,0,1,1,2.0,NOSE,12.0,8.0,1,1,0,1,0,1,1,4.0
0,0,76,1,0,0,1,1,0,3.0,NOSE,3.0,3.0,1,1,1,0,0,1,1,0.0
0,0,78,1,0,0,1,1,1,4.0,FACE,12.0,11.0,1,1,1,0,0,1,1,1.0
0,0,34,0,0,0,0,1,1,3.0,ABDOMEN,10.0,10.0,0,0,0,0,0,0,0,0.0
0,0,68,0,1,1,0,1,1,2.0,LIP,30.0,10.0,0,0,0,0,0,0,0,20.0
1,1,62,1,0,0,0,1,1,2.0,HAND,8.0,7.0,1,0,0,1,0,0,1,1.0
0,0,51,0,1,1,0,0,0,1.0,HAND,25.0,11.0,0,1,0,0,0,0,0,14.0
1,0,66,0,1,0,1,1,1,2.0,CHEST,8.0,6.0,1,1,0,0,0,0,1,2.0
0,1,36,1,1,0,1,0,0,1.0,CHEST,7.0,5.0,1,0,0,0,0,0,1,2.0
0,0,68,1,0,0,0,1,1,2.0,FOREARM,10.0,10.0,0,1,1,0,0,1,1,0.0
0,0,66,0,1,1,1,0,0,3.0,FACE,9.0,6.0,1,1,1,0,0,0,1,3.0
0,0,55,1,1,1,0,0,0,2.0,BACK,5.0,5.0,0,0,0,0,0,0,1,0.0
0,0,64,0,1,1,0,1,1,3.0,THIGH,5.0,5.0,1,0,0,0,0,1,1,0.0
0,0,63,1,1,1,0,1,1,2.0,ARM,19.0,12.0,0,1,1,0,0,0,0,7.0
1,1,50,1,0,0,1,0,0,2.0,FACE,12.0,12.0,1,1,1,1,0,1,1,0.0
0,0,51,0,1,1,1,1,1,2.0,NECK,7.0,5.0,1,0,0,0,0,0,1,2.0
0,1,58,1,0,1,0,0,0,2.0,EAR,15.0,10.0,1,1,1,1,0,1,1,5.0
1,1,82,1,0,0,1,0,0,2.0,EAR,6.0,6.0,1,0,1,0,1,0,0,0.0
0,0,70,0,0,0,1,1,1,2.0,FACE,5.0,5.0,0,1,0,1,0,1,1,0.0
0,0,85,0,0,0,0,1,0,2.0,NECK,30.0,24.0,1,1,1,0,0,0,1,6.0
0,1,59,1,1,0,1,0,0,2.0,BACK,4.0,3.0,0,0,0,0,0,0,0,1.0
0,0,53,1,0,1,0,1,1,2.0,CHEST,11.0,7.0,1,1,0,1,0,1,1,4.0
0,0,53,0,1,1,0,1,1,2.0,HAND,7.0,6.0,1,1,1,1,0,1,1,1.0
1,1,70,1,1,1,1,1,1,1.0,NOSE,7.0,5.0,1,1,1,1,0,1,1,2.0
0,1,59,0,0,0,1,0,0,2.0,CHEST,12.0,11.0,0,0,1,0,0,0,0,1.0
0,1,39,1,0,0,0,1,1,2.0,ARM,20.0,10.0,0,0,0,0,0,0,0,10.0
0,0,90,0,0,0,1,1,1,2.0,FACE,16.0,5.0,1,1,1,0,0,0,1,11.0
0,0,75,1,0,0,1,1,1,2.0,FOREARM,11.0,7.0,1,0,1,0,1,0,1,4.0
0,0,57,1,1,1,1,1,1,3.0,CHEST,15.0,13.0,0,1,0,0,0,0,0,2.0
0,0,50,1,0,1,1,0,0,2.0,CHEST,35.0,27.0,1,1,0,1,0,0,1,8.0
0,0,50,0,1,1,0,0,0,1.0,CHEST,8.0,5.0,1,1,0,0,0,0,1,3.0
0,0,70,1,1,1,1,1,1,2.0,FOREARM,10.0,9.0,0,0,1,0,0,0,1,1.0
1,1,69,0,0,0,1,1,1,3.0,HAND,10.0,9.0,1,1,1,0,1,0,1,1.0
0,1,63,1,0,0,1,1,1,2.0,CHEST,40.0,20.0,1,1,1,1,0,1,1,20.0
0,0,80,0,1,1,0,0,0,2.0,FACE,7.0,5.0,0,0,0,0,0,0,1,2.0
0,0,69,0,1,1,0,1,1,2.0,BACK,13.0,9.0,1,1,1,0,1,1,1,4.0
0,1,58,0,0,1,1,1,1,2.0,HAND,13.0,10.0,1,1,0,0,0,0,1,3.0
0,1,47,1,0,1,1,0,0,2.0,FACE,10.0,10.0,1,1,1,0,0,1,1,0.0
0,0,53,1,1,1,0,1,1,3.0,CHEST,22.0,22.0,1,0,0,0,0,0,1,0.0
0,0,53,0,0,0,0,1,1,2.0,ARM,10.0,8.0,1,1,1,1,0,1,1,2.0
0,0,80,0,0,0,1,1,0,1.0,CHEST,20.0,18.0,1,1,1,0,0,0,1,2.0
0,0,75,0,0,0,0,0,0,2.0,CHEST,4.0,3.0,1,1,0,0,0,0,1,1.0
0,0,55,1,0,1,0,1,1,3.0,FACE,14.0,12.0,1,1,0,0,0,0,1,2.0
0,1,76,1,0,0,0,1,1,2.0,EAR,5.0,3.0,0,1,0,0,0,0,0,2.0
1,0,69,0,0,1,0,1,1,2.0,BACK,14.0,11.0,1,1,0,0,0,0,1,3.0
0,1,71,0,0,0,0,0,0,2.0,FOREARM,7.0,5.0,0,0,1,1,0,0,1,2.0
0,1,71,0,0,0,0,0,0,2.0,HAND,7.0,5.0,0,0,1,0,0,0,1,2.0
0,0,75,0,1,0,0,1,1,2.0,ARM,10.0,8.0,0,0,0,0,0,0,0,2.0
0,1,61,0,0,0,0,1,1,2.0,FACE,10.0,9.0,1,1,0,0,0,0,1,1.0
0,0,71,0,0,0,0,1,1,3.0,ARM,5.0,3.0,0,0,1,0,0,0,1,2.0
0,1,57,1,0,1,0,1,0,2.0,FOREARM,5.0,5.0,1,1,0,1,0,1,1,0.0
0,0,65,0,0,1,1,1,1,2.0,FACE,6.0,4.0,0,0,0,0,0,0,1,2.0
1,0,71,1,0,0,1,0,0,2.0,EAR,30.0,20.0,0,1,1,1,0,1,0,10.0
0,0,53,0,1,1,1,1,1,2.0,CHEST,7.0,7.0,1,1,1,0,0,0,0,0.0
0,1,47,1,0,0,1,0,0,2.0,FACE,7.0,5.0,1,0,0,0,0,0,1,2.0
0,0,35,0,1,0,1,1,1,2.0,NECK,5.0,5.0,1,1,1,1,0,1,1,0.0
1,1,61,0,0,0,0,0,0,2.0,FACE,19.0,8.0,1,1,0,1,0,1,1,11.0
0,0,73,0,1,0,1,1,1,3.0,FACE,7.0,6.0,1,1,1,1,0,1,0,1.0
0,0,62,0,1,1,1,1,1,3.0,CHEST,5.0,4.0,0,0,0,0,0,0,1,1.0
0,1,58,1,1,1,1,1,1,1.0,FOREARM,9.0,7.0,1,1,1,0,0,0,1,2.0
0,1,80,1,0,0,1,1,1,2.0,HAND,3.0,2.0,0,0,0,0,0,0,1,1.0
0,0,59,0,1,0,1,1,0,2.0,FACE,8.0,7.0,1,0,1,0,0,0,1,1.0
0,0,33,0,1,0,1,1,1,2.0,BACK,7.0,6.0,0,0,0,0,0,0,0,1.0
1,1,78,1,0,1,1,0,0,3.0,ARM,9.0,7.0,1,1,1,0,0,0,1,2.0
0,0,35,0,1,0,1,1,1,2.0,NECK,5.0,5.0,1,1,1,1,0,1,1,0.0
0,0,74,1,1,1,1,0,0,3.0,LIP,7.0,5.0,1,1,0,1,0,1,1,2.0
0,0,71,0,0,0,0,1,1,2.0,NOSE,7.0,5.0,1,0,0,0,0,0,1,2.0
0,0,71,1,0,0,1,1,1,4.0,THIGH,21.0,20.0,0,1,0,0,0,0,1,1.0
1,0,48,1,0,0,0,0,0,1.0,FACE,10.0,5.0,1,1,1,0,0,1,0,5.0
1,0,74,1,0,0,1,1,1,2.0,LIP,6.0,5.0,1,1,0,0,0,0,1,1.0
0,0,69,1,0,1,1,1,1,2.0,HAND,5.0,3.0,0,1,1,0,0,0,1,2.0
0,0,57,1,1,0,1,1,1,3.0,NOSE,9.0,12.0,1,1,1,1,0,1,1,3.0
0,0,81,0,0,1,1,1,0,2.0,ARM,10.0,9.0,0,0,0,0,0,0,0,1.0
0,0,64,1,1,0,1,0,0,2.0,CHEST,9.0,6.0,1,1,1,1,1,0,1,3.0
0,0,47,1,0,0,0,1,0,2.0,CHEST,22.0,15.0,1,1,1,0,0,1,1,7.0
0,0,57,0,1,1,1,1,0,2.0,EAR,9.0,7.0,1,1,0,0,0,1,1,2.0
0,0,58,0,1,1,1,1,1,3.0,NOSE,17.0,14.0,1,1,1,1,1,1,1,3.0
0,0,79,0,1,0,0,0,0,1.0,NECK,14.0,10.0,1,1,0,0,0,0,1,4.0
1,1,50,1,0,0,1,1,1,3.0,BACK,25.0,15.0,1,0,0,0,1,0,0,10.0
0,0,67,0,1,1,1,1,1,2.0,FACE,7.0,7.0,1,1,1,1,0,1,1,0.0
0,0,83,1,0,1,0,1,0,2.0,FOREARM,11.0,9.0,0,1,0,0,0,0,1,2.0
0,0,81,0,1,1,1,0,0,3.0,ARM,11.0,8.0,1,1,0,0,0,0,0,3.0
0,0,56,0,1,1,1,1,1,1.0,FOREARM,10.0,5.0,1,0,0,0,0,0,1,5.0
0,0,36,0,0,0,1,1,0,4.0,BACK,7.0,4.0,0,1,0,0,0,0,0,3.0
0,0,70,0,1,1,1,1,0,2.0,EAR,12.0,12.0,1,1,0,1,0,1,1,0.0
0,0,81,0,1,1,0,1,1,1.0,FACE,4.0,3.0,1,0,0,0,0,0,1,1.0
0,1,53,1,0,1,1,0,0,4.0,FACE,7.0,6.0,1,1,0,0,0,1,1,1.0
0,1,33,1,0,1,1,1,1,2.0,ARM,11.0,10.0,0,0,0,0,0,0,0,1.0
1,0,83,0,0,0,0,1,1,2.0,FOREARM,12.0,15.0,1,1,1,0,0,0,0,3.0
0,0,77,0,1,0,1,1,1,3.0,EAR,15.0,10.0,0,1,0,0,0,1,1,5.0
0,1,51,0,0,1,1,1,1,2.0,LIP,7.0,8.0,1,0,0,0,0,0,1,1.0
0,0,81,0,0,1,1,1,0,2.0,FACE,9.0,8.0,1,0,0,0,0,0,1,1.0
0,0,36,0,1,1,0,1,1,2.0,BACK,8.0,6.0,0,0,1,0,0,0,0,2.0
0,0,68,0,0,0,1,1,1,2.0,BACK,15.0,10.0,1,1,0,1,0,1,0,5.0
0,0,50,1,0,1,0,1,1,2.0,NECK,15.0,10.0,1,1,0,1,0,1,1,5.0
0,0,81,0,1,1,0,1,1,2.0,BACK,7.0,18.0,1,1,1,0,0,1,1,11.0
1,0,83,0,1,0,1,1,1,2.0,NECK,10.0,7.0,1,1,1,0,1,0,1,3.0
0,0,75,0,1,1,1,1,1,2.0,FACE,9.0,6.0,1,1,0,1,0,1,1,3.0
0,1,56,1,0,0,0,0,1,1.0,FOREARM,20.0,15.0,1,0,0,0,1,0,1,5.0
1,1,83,0,0,1,0,0,0,2.0,FACE,6.0,3.0,1,1,0,1,0,0,1,3.0
0,0,54,0,1,1,1,1,1,2.0,HAND,7.0,7.0,0,0,1,0,0,0,0,0.0
1,0,67,1,1,0,0,1,1,6.0,ARM,15.0,15.0,0,0,0,0,0,0,1,0.0
1,0,67,0,0,1,0,1,1,2.0,FOREARM,15.0,10.0,1,1,1,0,1,1,0,5.0
0,0,20,0,1,1,0,1,0,2.0,BACK,5.0,3.0,0,1,0,0,0,0,1,2.0
0,0,46,0,1,0,0,0,0,3.0,FOREARM,32.0,30.0,0,1,0,0,0,0,0,2.0
1,0,66,1,0,0,0,1,1,2.0,EAR,4.0,3.0,1,1,0,0,0,0,1,1.0
1,0,84,1,1,0,0,1,1,4.0,CHEST,15.0,10.0,1,1,1,0,0,1,1,5.0
0,0,52,1,1,1,1,1,0,3.0,THIGH,11.0,8.0,1,1,1,0,0,1,0,3.0
0,0,65,0,1,1,1,0,0,2.0,FACE,7.0,6.0,1,1,1,1,0,1,1,1.0
0,0,65,0,1,0,0,1,1,2.0,NOSE,9.0,7.0,1,0,0,0,0,0,1,2.0
0,1,37,1,0,0,1,1,1,5.0,FACE,18.0,14.0,1,1,1,1,0,1,1,4.0
0,0,58,0,0,0,0,1,1,4.0,ARM,6.0,4.0,0,0,0,0,0,0,1,2.0
0,0,14,0,1,1,0,0,0,2.0,FOOT,3.0,3.0,0,0,1,0,1,0,0,0.0
0,1,59,1,0,0,1,0,1,2.0,BACK,7.0,5.0,0,1,0,0,0,0,0,2.0
0,1,54,0,0,0,0,1,1,3.0,FACE,6.0,5.0,1,1,0,0,0,1,1,1.0
0,0,67,0,1,0,0,1,1,3.0,FACE,21.0,17.0,1,1,0,0,0,0,0,4.0
1,1,78,1,0,1,1,0,0,3.0,FACE,5.0,5.0,1,1,1,1,0,1,0,0.0
0,0,72,0,1,0,0,1,1,3.0,HAND,10.0,7.0,0,1,1,0,1,0,1,3.0
0,0,74,0,0,0,0,1,0,2.0,BACK,15.0,15.0,0,0,0,0,0,0,1,0.0
0,0,76,0,0,1,0,0,0,3.0,CHEST,9.0,7.0,1,1,0,0,0,0,0,2.0
0,0,69,0,0,0,0,1,0,3.0,BACK,4.0,4.0,1,1,0,0,0,1,0,0.0
0,0,68,1,0,0,0,1,1,2.0,FOREARM,15.0,10.0,1,0,0,0,0,0,0,5.0
0,0,91,0,1,0,1,0,0,2.0,FACE,10.0,8.0,1,1,1,1,0,1,1,2.0
0,0,57,0,1,0,1,1,1,3.0,NOSE,2.0,1.0,0,1,1,0,0,0,0,1.0
0,0,70,0,1,0,1,1,1,2.0,ARM,24.0,20.0,1,1,1,1,0,1,0,4.0
0,0,64,0,1,1,0,1,1,2.0,FACE,5.0,5.0,0,1,1,0,0,1,0,0.0
0,0,53,0,0,0,0,1,1,2.0,FACE,7.0,5.0,0,1,1,1,0,1,1,2.0
0,0,77,0,1,0,1,0,0,2.0,FACE,4.0,3.0,1,0,0,0,0,0,1,1.0
1,1,61,1,0,0,0,0,0,2.0,NECK,14.0,8.0,1,0,1,0,0,1,1,6.0
1,1,62,1,0,1,1,0,0,3.0,FOREARM,11.0,8.0,0,1,0,0,0,1,0,3.0
1,0,68,0,0,0,1,1,1,4.0,CHEST,10.0,8.0,0,1,0,0,0,0,0,2.0
0,0,57,1,1,1,1,1,1,3.0,CHEST,15.0,13.0,0,1,0,0,0,0,0,2.0
0,0,52,0,1,1,0,1,1,2.0,NOSE,4.0,4.0,1,1,1,1,0,1,1,0.0
1,0,70,0,1,0,1,0,0,2.0,FACE,12.0,9.0,1,1,1,0,0,0,1,3.0
0,0,61,1,1,1,1,0,1,2.0,EAR,9.0,6.0,1,0,0,0,0,0,0,3.0
0,0,62,1,0,0,0,0,0,2.0,CHEST,1.2,1.2,1,1,0,1,0,1,1,0.0
1,1,50,1,0,0,1,0,0,2.0,CHEST,16.0,10.0,1,0,1,0,0,0,1,6.0
0,0,36,0,1,1,1,1,1,4.0,BACK,5.0,4.0,0,0,0,0,0,0,0,1.0
0,0,64,1,0,0,1,1,1,4.0,CHEST,1.0,1.0,1,1,1,0,0,0,1,0.0
0,1,73,1,0,0,0,1,1,2.0,CHEST,5.0,3.0,1,1,0,0,0,0,1,2.0
0,0,68,1,0,0,1,0,0,2.0,FOREARM,11.0,8.0,1,1,1,0,0,1,1,3.0
0,0,66,0,1,0,1,1,1,3.0,NECK,5.0,4.0,1,1,0,0,0,0,1,1.0
1,0,70,1,0,0,1,0,0,2.0,NOSE,3.0,3.0,1,1,1,0,0,0,1,0.0
0,0,46,1,0,0,0,0,0,2.0,CHEST,4.0,4.0,1,0,0,0,0,0,1,0.0
0,0,66,1,1,0,1,1,1,2.0,NOSE,5.0,4.0,1,0,0,0,0,0,0,1.0
0,0,55,0,0,1,1,1,1,3.0,FACE,7.0,5.0,1,1,0,0,0,1,1,2.0
0,0,73,0,1,0,1,1,1,3.0,FACE,6.0,6.0,1,0,0,0,0,0,1,0.0
1,0,67,0,0,0,0,1,1,2.0,HAND,20.0,15.0,1,1,0,0,0,0,1,5.0
0,0,52,1,1,0,0,1,1,2.0,FACE,10.0,7.0,1,1,0,1,0,1,1,3.0
0,0,13,0,1,0,0,0,0,2.0,THIGH,89.0,27.0,0,0,0,0,0,0,1,62.0
0,0,50,1,0,1,1,0,0,2.0,CHEST,35.0,27.0,1,1,0,1,0,0,1,8.0
0,1,85,0,0,1,1,1,1,2.0,NECK,11.0,10.0,0,1,1,0,0,0,0,1.0
1,1,69,0,0,0,1,1,1,3.0,ARM,7.0,7.0,1,1,1,0,1,0,1,0.0
0,0,60,1,0,0,1,0,0,1.0,CHEST,22.0,15.0,1,1,1,1,0,1,1,7.0
0,1,62,0,0,0,1,1,1,2.0,NOSE,5.0,3.0,0,1,0,0,0,1,0,2.0
0,1,48,1,0,1,1,0,0,3.0,FACE,7.0,5.0,1,1,1,0,1,0,1,2.0
1,1,88,1,0,0,1,1,1,3.0,FOREARM,26.0,20.0,1,1,0,0,0,1,1,6.0
1,1,61,1,0,0,0,1,0,1.0,ABDOMEN,10.0,7.0,1,1,1,1,1,1,1,3.0
0,0,80,0,0,0,1,1,0,1.0,ARM,12.0,10.0,1,1,1,0,0,0,1,2.0
0,0,75,0,1,0,0,1,1,2.0,FOREARM,8.0,6.0,0,1,0,0,0,0,1,2.0
0,1,33,1,0,0,1,0,0,2.0,CHEST,10.0,8.0,1,1,1,0,0,1,1,2.0
0,0,60,0,0,1,0,1,0,3.0,CHEST,35.0,25.0,1,1,0,0,0,0,1,10.0
0,0,71,0,0,0,0,1,1,2.0,CHEST,15.0,14.0,1,1,0,1,0,0,1,1.0
0,0,73,1,1,1,1,1,0,2.0,NOSE,7.0,6.0,1,1,0,1,0,1,1,1.0
0,0,47,0,1,0,1,0,0,3.0,FOREARM,15.0,13.0,1,1,0,1,0,1,1,2.0
0,0,62,1,0,1,1,1,1,3.0,FACE,9.0,6.0,1,1,1,1,1,1,0,3.0
0,0,46,1,1,0,1,0,0,3.0,HAND,4.0,3.0,0,1,0,0,0,0,0,1.0
1,1,88,1,0,0,1,1,1,3.0,BACK,17.0,10.0,1,1,0,0,0,0,1,7.0
0,0,56,0,1,1,0,1,1,1.0,ARM,12.0,10.0,1,1,0,0,0,1,0,2.0
1,0,72,0,1,0,0,1,0,2.0,ARM,23.0,15.0,1,1,0,0,0,0,0,8.0
0,0,72,0,0,0,0,1,1,2.0,NECK,7.0,4.0,1,1,0,0,0,0,1,3.0
0,1,56,0,1,1,1,1,1,3.0,ABDOMEN,5.0,4.0,0,0,0,0,0,0,0,1.0
1,0,83,0,0,0,0,1,1,2.0,FOREARM,12.0,15.0,1,1,1,0,0,0,0,3.0
0,0,80,0,0,0,1,1,1,4.0,FOREARM,7.0,5.0,0,0,1,0,0,0,1,2.0
0,0,59,1,0,1,1,0,0,1.0,ARM,10.0,7.0,0,0,0,0,0,0,0,3.0
0,0,56,0,1,1,1,1,1,1.0,FACE,6.0,5.0,1,0,0,0,0,0,1,1.0
0,1,55,0,1,1,1,1,1,3.0,CHEST,5.0,4.0,0,1,0,0,0,0,0,1.0
1,1,50,1,1,1,1,0,0,2.0,HAND,12.0,6.0,1,1,0,1,0,0,1,6.0
0,0,74,1,0,0,0,1,1,2.0,FACE,10.0,10.0,1,1,1,0,1,0,0,0.0
0,0,78,0,1,1,1,0,0,1.0,FACE,6.0,5.0,1,1,0,0,0,0,1,1.0
0,0,75,0,1,0,0,1,1,2.0,ARM,8.0,6.0,0,1,0,0,0,0,1,2.0
1,0,65,1,0,1,0,1,1,2.0,CHEST,12.0,7.0,1,1,0,1,0,1,1,5.0
0,1,53,1,1,1,0,0,1,3.0,ARM,9.0,8.0,1,1,1,0,0,0,1,1.0
0,1,54,0,1,0,1,1,1,4.0,BACK,14.0,12.0,1,1,1,0,1,0,1,2.0
0,0,56,1,1,0,1,0,1,3.0,FACE,15.0,10.0,1,0,0,0,0,0,1,5.0
1,1,50,1,0,0,1,0,0,2.0,FACE,12.0,12.0,1,1,1,1,0,1,1,0.0
0,0,65,0,1,1,1,0,0,2.0,FACE,6.0,5.0,0,1,0,0,0,0,0,1.0
0,0,53,1,0,1,1,1,0,1.0,ARM,9.0,6.0,0,1,0,0,0,0,0,3.0
0,0,66,0,1,0,0,1,1,2.0,FACE,3.0,2.0,1,1,0,0,0,0,1,1.0
0,0,83,0,1,0,0,0,0,2.0,FACE,15.0,12.0,1,0,0,0,0,0,1,3.0
0,0,41,0,1,0,0,0,0,2.0,BACK,10.0,7.0,0,0,0,0,0,0,1,3.0
0,0,77,0,1,1,1,0,0,2.0,THIGH,10.0,9.0,1,1,0,0,0,0,0,1.0
0,0,81,0,1,0,0,0,0,2.0,FOOT,16.0,14.0,0,1,0,0,0,0,0,2.0
0,1,31,1,0,0,0,1,1,3.0,FACE,10.0,7.0,1,0,1,0,0,1,1,3.0
0,0,45,1,0,1,0,0,0,2.0,EAR,5.0,4.0,1,1,1,0,0,0,1,1.0
0,1,54,0,1,0,1,0,0,3.0,FOREARM,15.0,13.0,1,1,1,0,0,1,1,2.0
0,0,70,1,0,1,0,1,1,3.0,BACK,15.0,7.0,1,1,1,1,0,0,1,8.0
0,0,52,0,1,0,1,1,1,1.0,FACE,13.0,10.0,0,1,0,0,0,0,0,3.0
0,0,50,0,0,1,0,1,0,2.0,HAND,23.0,21.0,0,1,0,0,0,0,1,2.0
0,0,74,0,1,0,0,1,1,2.0,HAND,6.0,6.0,0,1,0,0,0,0,1,0.0
0,0,78,0,0,0,1,1,0,1.0,FACE,11.0,10.0,1,1,0,0,0,0,0,1.0
0,0,77,0,1,0,0,0,0,2.0,FOREARM,7.0,4.0,0,1,0,0,0,0,0,3.0
0,0,53,0,1,0,1,1,1,2.0,NOSE,6.0,4.0,1,1,0,0,0,0,0,2.0
1,0,69,0,0,1,0,1,1,2.0,BACK,14.0,11.0,1,1,0,0,0,0,1,3.0
0,0,55,0,1,0,1,1,1,3.0,BACK,11.0,7.0,1,1,0,0,0,0,1,4.0
0,0,52,0,1,0,0,1,1,2.0,BACK,4.0,2.0,0,0,0,0,0,0,0,2.0
0,0,55,0,1,0,1,0,0,2.0,NOSE,7.0,5.0,1,1,1,1,0,1,1,2.0
0,0,70,0,1,1,1,1,1,2.0,HAND,15.0,13.0,0,0,0,0,0,0,1,2.0
0,0,39,0,0,0,0,0,0,2.0,FACE,10.0,8.0,1,1,1,1,0,1,1,2.0
0,0,79,0,0,0,0,0,0,2.0,ARM,14.0,14.0,1,1,1,0,0,1,1,0.0
0,0,59,0,1,0,1,1,1,3.0,ARM,4.0,4.0,0,1,0,0,0,0,0,0.0
0,1,56,1,0,0,1,0,1,2.0,FACE,4.0,3.0,1,1,1,0,1,1,1,1.0
0,0,61,1,1,0,1,1,0,2.0,FOREARM,30.0,26.0,1,0,0,0,0,0,0,4.0
0,0,65,0,0,1,1,1,1,2.0,FACE,6.0,4.0,0,0,0,0,0,0,1,2.0
0,0,56,0,0,1,0,1,1,3.0,EAR,7.0,5.0,1,0,0,0,0,1,1,2.0
0,0,60,1,0,0,1,0,0,1.0,FOREARM,22.0,15.0,0,1,1,0,0,0,0,7.0
0,0,75,1,0,0,1,1,1,2.0,THIGH,8.0,6.0,0,1,1,0,0,0,1,2.0
0,1,77,0,0,0,1,1,1,1.0,CHEST,19.0,13.0,1,1,0,1,0,1,0,6.0
0,0,78,0,1,0,0,1,1,2.0,HAND,15.0,10.0,0,0,0,0,1,0,1,5.0
1,0,65,0,1,0,0,1,1,3.0,FOREARM,8.0,8.0,1,1,0,0,0,0,1,0.0
0,0,75,0,1,1,0,1,1,1.0,THIGH,1.0,1.0,1,0,1,0,0,0,1,0.0
0,0,45,0,1,1,1,1,0,2.0,FOOT,5.0,4.0,1,0,0,0,0,0,0,1.0
0,0,50,1,0,1,0,1,1,2.0,FACE,11.0,11.0,1,1,0,0,0,0,1,0.0
0,1,85,0,0,1,1,1,1,2.0,THIGH,11.0,10.0,1,0,1,0,1,0,1,1.0
0,1,75,1,0,0,0,1,1,2.0,EAR,10.0,7.0,1,1,0,0,0,1,1,3.0
0,1,58,1,0,0,0,0,0,2.0,CHEST,20.0,18.0,1,1,1,1,0,1,1,2.0
0,0,60,1,1,0,0,1,0,4.0,FACE,17.0,7.0,1,0,1,0,0,0,1,10.0
0,1,64,1,0,1,0,1,1,2.0,ARM,30.0,20.0,1,1,1,1,0,1,1,10.0
0,1,70,0,0,0,0,0,0,2.0,CHEST,18.0,13.0,1,0,1,0,0,0,1,5.0
1,0,67,0,0,1,0,1,1,2.0,FOREARM,15.0,10.0,1,1,1,0,1,1,0,5.0
0,0,42,0,1,1,0,0,0,1.0,ARM,20.0,12.0,1,1,0,0,0,0,1,8.0
0,0,85,1,1,1,1,1,1,2.0,FACE,10.0,9.0,1,1,1,1,0,0,1,1.0
0,0,74,1,1,1,1,0,0,3.0,ARM,7.0,6.0,1,1,1,1,0,1,1,1.0
0,1,59,1,0,1,1,1,1,4.0,FACE,4.0,3.0,1,0,0,0,0,0,0,1.0
0,0,46,0,1,0,1,1,1,2.0,CHEST,12.0,9.0,1,1,0,0,0,0,1,3.0
1,1,78,1,0,1,1,0,0,3.0,FACE,5.0,5.0,1,1,1,1,0,1,0,0.0
1,0,51,1,0,0,0,1,1,3.0,NECK,42.0,21.0,1,1,1,0,0,1,1,21.0
0,0,90,0,1,0,1,0,0,1.0,THIGH,13.0,7.0,0,0,1,0,0,0,1,6.0
0,0,80,0,1,1,0,0,0,2.0,FOREARM,7.0,5.0,0,1,0,0,0,0,0,2.0
0,0,21,0,1,1,0,1,0,2.0,FACE,19.0,7.0,0,0,0,0,0,0,1,12.0
0,0,61,1,1,1,1,0,1,2.0,FACE,20.0,16.0,1,1,0,0,0,0,0,4.0
1,1,69,0,0,0,1,1,1,2.0,BACK,7.0,7.0,1,0,0,0,0,0,1,0.0
1,1,74,1,0,1,0,1,1,1.0,CHEST,18.0,7.0,1,1,0,1,0,1,0,11.0
0,0,75,0,1,0,1,0,0,2.0,FOREARM,15.0,13.0,1,0,1,0,0,1,1,2.0
0,1,55,1,1,1,1,0,0,2.0,ARM,6.0,4.0,0,0,0,0,0,0,0,2.0
0,1,42,0,0,0,0,0,0,2.0,CHEST,12.0,6.0,1,1,0,1,0,1,1,6.0
0,1,27,0,1,0,1,1,1,4.0,ABDOMEN,8.0,5.0,0,0,1,0,0,0,1,3.0
0,1,74,0,0,1,0,1,1,2.0,FOREARM,20.0,10.0,1,1,0,1,0,1,1,10.0
0,0,89,0,1,1,1,1,1,2.0,NOSE,8.0,7.0,0,1,0,1,0,1,1,1.0
0,0,79,1,1,1,1,0,0,2.0,ARM,11.0,10.0,0,1,0,0,0,0,1,1.0
0,0,71,1,0,0,0,1,1,3.0,NOSE,15.0,12.0,1,1,0,0,0,0,1,3.0
0,0,64,1,1,0,0,0,1,3.0,NOSE,6.0,5.0,1,0,0,0,0,0,1,1.0
0,1,59,1,0,1,0,0,0,3.0,FACE,9.0,10.0,1,1,1,0,0,0,0,1.0
0,0,64,1,0,1,0,1,1,2.0,FACE,10.0,4.0,1,1,0,0,0,1,1,6.0
0,0,78,1,1,1,1,0,0,1.0,FACE,10.0,10.0,0,1,0,0,0,0,0,0.0
1,1,67,1,0,1,0,1,1,2.0,ARM,40.0,34.0,1,1,0,1,0,1,1,6.0
0,0,45,1,0,1,1,1,1,3.0,FOREARM,10.0,10.0,0,1,1,0,0,0,1,0.0
0,0,91,0,1,0,0,0,0,2.0,FACE,15.0,8.0,1,1,1,1,1,1,1,7.0
0,0,45,1,0,1,1,1,1,3.0,HAND,13.0,10.0,0,1,1,0,0,0,1,3.0
1,0,82,0,0,0,0,1,1,2.0,NOSE,5.0,4.0,1,1,0,0,0,1,1,1.0
0,0,81,0,1,1,1,0,0,2.0,FOREARM,21.0,20.0,1,1,0,1,0,1,0,1.0
1,0,79,1,0,0,0,1,1,3.0,CHEST,25.0,13.0,1,1,1,0,0,0,1,12.0
0,0,17,0,1,0,1,0,0,1.0,ARM,7.0,7.0,0,0,0,0,0,0,1,0.0
0,0,44,0,1,1,0,1,1,2.0,CHEST,16.0,7.0,1,0,0,0,0,0,1,9.0
0,1,44,1,1,0,0,1,1,2.0,NOSE,10.0,8.0,1,1,0,0,0,0,0,2.0
0,0,78,0,1,1,1,1,1,2.0,FOREARM,8.0,7.0,0,0,0,0,0,0,0,1.0
0,0,59,1,0,1,1,0,0,3.0,FACE,7.0,5.0,0,0,0,0,0,0,0,2.0
0,1,71,0,0,0,1,1,1,3.0,BACK,30.0,20.0,1,1,1,0,0,1,0,10.0
0,0,59,1,0,0,1,1,1,2.0,BACK,21.0,20.0,1,1,0,0,0,0,0,1.0
0,0,81,0,0,1,1,1,0,2.0,BACK,10.0,9.0,1,0,0,0,0,0,1,1.0
0,0,51,1,1,0,1,0,0,3.0,FACE,6.0,5.0,0,1,0,0,0,0,0,1.0
0,0,44,1,0,1,0,0,0,2.0,NOSE,10.0,10.0,1,1,1,0,0,0,1,0.0
0,0,49,0,1,1,1,1,1,3.0,FACE,10.0,10.0,1,0,0,0,0,0,1,0.0
1,0,55,1,0,0,0,1,1,3.0,BACK,7.0,6.0,1,1,1,1,0,1,1,1.0
1,1,59,0,0,0,0,0,0,3.0,ABDOMEN,5.0,5.0,0,1,1,0,0,1,1,0.0
0,0,58,0,1,1,1,1,1,3.0,NOSE,17.0,14.0,1,1,1,1,1,1,1,3.0
0,0,71,0,1,0,1,1,1,2.0,NOSE,7.0,6.0,1,1,0,0,0,0,1,1.0
1,0,73,0,1,0,0,1,0,2.0,ARM,18.0,8.0,1,1,1,0,1,1,1,10.0
0,0,55,0,0,1,0,1,1,3.0,FOREARM,15.0,10.0,0,1,1,0,0,1,1,5.0
0,0,54,0,0,0,0,1,1,3.0,ARM,4.0,3.0,0,1,0,0,0,0,0,1.0
0,0,66,1,1,1,1,1,1,2.0,FOREARM,29.0,19.0,1,0,0,0,0,0,0,10.0
0,1,53,1,0,1,1,0,0,4.0,FACE,7.0,6.0,1,1,0,0,0,1,1,1.0
0,0,62,1,0,1,0,0,0,3.0,HAND,10.0,9.0,1,1,1,0,0,1,1,1.0
0,0,77,0,0,1,0,0,0,2.0,EAR,6.0,6.0,1,1,0,1,0,1,0,0.0
0,1,39,0,1,0,1,0,1,3.0,FOOT,5.0,3.0,0,0,0,0,0,0,0,2.0
0,0,78,0,1,0,0,1,1,2.0,FACE,10.0,9.0,0,0,0,0,0,0,1,1.0
0,0,72,0,0,0,0,1,0,2.0,BACK,22.0,11.0,1,1,0,1,0,1,1,11.0
0,0,69,1,1,1,1,1,1,2.0,FOREARM,13.0,9.0,0,1,0,0,0,0,0,4.0
0,0,70,0,1,0,0,0,0,2.0,THIGH,15.0,9.0,1,1,0,0,0,0,1,6.0
0,1,57,0,1,1,1,0,1,2.0,BACK,5.0,3.0,0,1,0,0,0,0,0,2.0
0,0,71,0,1,0,0,1,1,2.0,HAND,13.0,7.0,0,1,0,0,0,0,0,6.0
1,1,59,0,0,1,0,1,1,2.0,FACE,8.0,6.0,1,1,0,0,0,0,1,2.0
1,0,51,1,0,0,0,1,1,3.0,NECK,42.0,21.0,1,1,1,0,0,1,1,21.0
0,0,64,0,1,1,1,1,1,2.0,FOREARM,7.0,6.0,1,1,1,1,0,1,1,1.0
0,0,47,1,1,1,0,0,0,3.0,FACE,13.0,9.0,0,1,1,1,1,0,1,4.0
0,0,73,0,1,1,0,1,1,2.0,FOREARM,12.0,6.0,0,1,0,0,0,0,0,6.0
0,1,60,1,0,0,0,0,0,2.0,FACE,12.0,10.0,1,0,1,0,1,0,1,2.0
0,0,68,1,0,0,0,1,1,2.0,FOREARM,10.0,10.0,0,1,1,0,0,1,1,0.0
0,0,77,0,1,0,0,1,1,4.0,THIGH,90.0,20.0,1,1,0,1,0,1,0,70.0
0,0,46,1,1,0,0,1,0,2.0,BACK,10.0,5.0,1,1,1,0,0,0,1,5.0
0,1,79,0,0,1,0,0,0,1.0,HAND,12.0,10.0,1,1,1,0,1,1,1,2.0
0,0,72,0,0,0,0,1,1,3.0,FACE,13.0,10.0,1,1,1,0,0,0,1,3.0
1,1,65,1,0,0,0,1,1,2.0,FOREARM,15.0,13.0,1,1,0,0,0,1,1,2.0
0,0,65,0,1,0,0,1,0,2.0,NOSE,13.0,10.0,1,0,1,0,1,1,1,3.0
0,0,73,0,1,0,1,1,1,2.0,BACK,8.0,6.0,1,1,0,1,0,1,0,2.0
0,0,64,0,1,1,0,1,1,2.0,FACE,5.0,5.0,0,1,1,0,0,1,0,0.0
0,0,73,0,1,1,0,0,0,2.0,LIP,18.0,16.0,1,1,0,1,0,1,1,2.0
0,0,21,0,1,0,1,1,1,5.0,FACE,10.0,9.0,0,0,1,0,0,0,0,1.0
1,0,48,1,0,0,0,0,0,1.0,CHEST,12.0,8.0,0,1,0,0,0,0,0,4.0
0,0,85,1,1,0,1,1,1,2.0,NECK,18.0,9.0,1,1,0,1,0,1,0,9.0
1,1,61,1,0,0,0,1,0,1.0,ABDOMEN,10.0,7.0,1,1,1,1,1,1,1,3.0
0,0,58,0,1,0,1,1,1,2.0,THIGH,16.0,10.0,1,0,1,0,0,0,1,6.0
0,1,62,1,0,0,0,0,0,2.0,BACK,15.0,11.0,1,0,1,0,1,0,1,4.0
0,1,38,1,0,0,1,1,1,3.0,LIP,10.0,5.0,0,1,1,1,0,1,1,5.0
0,0,57,1,1,1,0,0,0,3.0,HAND,9.0,9.0,1,0,1,0,0,1,1,0.0
0,1,47,1,0,0,0,0,0,2.0,BACK,22.0,20.0,1,1,1,0,0,0,0,2.0
0,0,66,1,0,1,0,0,0,2.0,FOOT,5.0,4.0,1,1,0,0,0,0,1,1.0
0,1,69,0,0,0,0,1,1,2.0,ARM,7.0,4.0,0,0,0,0,0,0,1,3.0
1,1,51,1,0,0,0,1,0,2.0,EAR,15.0,13.0,1,1,0,0,0,0,0,2.0
1,0,66,0,0,1,0,1,1,2.0,FACE,12.0,10.0,1,1,1,1,0,1,1,2.0
0,0,68,1,0,1,1,1,1,2.0,FOREARM,11.0,7.0,1,1,1,1,1,1,1,4.0
0,0,37,1,0,1,1,1,1,2.0,CHEST,19.0,15.0,1,1,0,0,0,0,1,4.0
0,0,82,0,0,0,0,1,1,2.0,FOREARM,7.0,7.0,0,1,0,0,0,0,0,0.0
0,0,59,1,0,0,1,1,1,2.0,BACK,4.0,3.0,0,1,0,0,0,0,0,1.0
1,0,54,1,0,0,0,1,1,1.0,CHEST,35.0,20.0,1,1,1,1,0,1,1,15.0
0,0,57,1,0,0,1,0,0,2.0,BACK,23.0,20.0,1,1,1,0,0,1,0,3.0
0,0,70,1,0,1,1,0,0,3.0,FOREARM,14.0,10.0,0,1,1,0,0,0,1,4.0
0,0,50,0,0,1,0,1,0,2.0,BACK,23.0,21.0,1,1,1,1,0,1,1,2.0
0,0,73,0,1,0,0,0,0,3.0,FACE,10.0,9.0,0,1,0,0,0,1,0,1.0
1,0,60,1,0,0,0,1,1,3.0,FACE,20.0,10.0,0,1,0,0,0,0,0,10.0
0,0,72,0,0,1,0,0,0,3.0,FACE,6.0,5.0,1,1,1,0,0,1,1,1.0
0,0,79,0,1,1,0,0,1,3.0,NOSE,9.0,8.0,1,1,1,1,0,0,1,1.0
0,0,54,0,0,1,0,1,1,2.0,FOREARM,5.0,5.0,1,0,0,0,0,0,1,0.0
0,1,65,1,0,1,1,0,0,2.0,FACE,7.0,5.0,1,0,1,0,0,0,1,2.0
0,0,54,0,1,1,0,1,1,2.0,CHEST,7.0,5.0,1,1,1,0,0,0,1,2.0
0,1,37,1,0,0,1,1,1,5.0,FACE,18.0,14.0,1,1,1,1,0,1,1,4.0
0,0,13,0,1,0,0,0,0,2.0,THIGH,89.0,27.0,0,0,0,0,0,0,1,62.0
0,0,53,1,1,1,1,0,0,2.0,BACK,100.0,70.0,1,0,0,0,0,0,0,30.0
0,0,80,0,1,1,0,0,1,3.0,FOREARM,10.0,7.0,0,1,0,0,0,0,1,3.0
0,0,51,0,1,0,1,1,1,1.0,CHEST,11.0,6.0,1,0,0,0,0,0,1,5.0
0,0,72,0,0,0,0,1,1,2.0,CHEST,15.0,15.0,1,1,1,1,0,1,1,0.0
0,0,16,0,1,0,0,1,1,2.0,CHEST,5.0,4.0,0,0,0,0,0,0,1,1.0
0,0,78,0,1,1,0,1,0,3.0,FACE,7.0,5.0,1,1,0,0,0,1,1,2.0
0,1,55,1,0,1,0,1,1,3.0,BACK,15.0,13.0,1,0,0,0,0,0,1,2.0
0,0,71,0,0,1,1,0,1,3.0,CHEST,10.0,10.0,1,1,0,1,0,1,1,0.0
0,0,78,1,0,1,0,1,1,2.0,NECK,14.0,11.0,1,1,0,0,0,0,1,3.0
0,0,84,0,1,0,0,0,1,2.0,NOSE,7.0,6.0,1,0,0,0,0,0,1,1.0
0,0,67,1,0,0,0,1,0,5.0,CHEST,5.0,4.0,0,0,0,0,0,0,1,1.0
0,1,54,1,0,1,1,1,1,3.0,FACE,4.0,3.0,1,1,1,0,0,1,1,1.0
0,0,45,0,1,1,1,1,1,2.0,CHEST,8.0,5.0,1,0,0,0,0,0,1,3.0
0,1,55,1,0,0,0,0,0,2.0,NECK,6.0,5.0,1,1,1,1,0,1,1,1.0
0,0,81,1,0,1,1,0,0,2.0,CHEST,22.0,6.0,1,1,1,0,0,0,1,16.0
0,0,42,1,1,1,1,1,1,3.0,NOSE,11.0,9.0,1,1,1,0,1,0,1,2.0
0,1,61,0,1,0,1,1,1,3.0,FOREARM,7.0,5.0,1,1,0,0,0,1,1,2.0
0,0,79,0,1,0,0,1,1,2.0,NOSE,9.0,6.0,1,1,0,0,0,0,1,3.0
0,1,46,0,0,1,0,1,1,3.0,ABDOMEN,10.0,9.0,0,1,0,1,0,1,1,1.0
0,0,43,0,0,0,0,0,0,1.0,FACE,10.0,4.0,1,1,0,1,0,1,1,6.0
0,0,62,0,1,0,1,0,1,3.0,NOSE,6.0,4.0,1,0,1,0,0,0,1,2.0
0,0,61,0,0,1,0,0,0,3.0,BACK,2.0,2.0,0,0,0,0,0,0,0,0.0
0,0,83,0,1,1,0,1,0,2.0,SCALP,35.0,40.0,0,1,0,1,0,0,0,5.0
0,0,79,0,1,0,1,1,1,4.0,NOSE,4.0,4.0,1,1,1,0,0,1,1,0.0
0,1,57,1,0,0,1,1,1,2.0,ABDOMEN,16.0,12.0,1,0,1,0,1,0,0,4.0
0,0,52,0,0,0,1,1,1,2.0,FACE,7.0,6.0,1,1,0,0,0,1,1,1.0
0,0,54,0,1,0,1,0,0,2.0,BACK,7.0,6.0,1,1,1,0,0,1,1,1.0
0,0,75,0,0,0,0,0,0,2.0,FACE,17.0,8.0,1,1,0,0,0,1,1,9.0
0,0,57,1,1,1,0,0,0,3.0,CHEST,10.0,5.0,1,0,1,0,1,1,1,5.0
0,0,53,0,1,1,0,1,1,2.0,FOREARM,20.0,15.0,0,1,1,1,0,1,1,5.0
0,1,43,1,1,0,1,0,0,2.0,NOSE,7.0,7.0,1,0,0,0,0,0,1,0.0
0,1,51,0,1,0,0,1,0,2.0,FACE,4.0,4.0,1,0,0,0,0,0,1,0.0
0,0,70,1,0,0,0,1,1,2.0,NOSE,10.0,10.0,1,1,0,0,0,0,1,0.0
0,1,64,0,1,1,1,1,1,2.0,FACE,7.0,5.0,1,0,0,0,0,0,1,2.0
0,0,59,0,1,1,1,1,1,2.0,NECK,7.0,6.0,1,0,0,0,0,0,1,1.0
1,1,64,1,0,0,0,1,1,2.0,FOREARM,26.0,18.0,1,1,0,1,0,1,1,8.0
0,0,71,0,0,0,0,1,1,2.0,NOSE,7.0,5.0,1,0,0,0,0,0,1,2.0
0,1,63,1,0,0,1,0,0,3.0,FACE,6.0,5.0,1,0,0,0,0,0,1,1.0
0,0,57,1,1,1,0,0,0,3.0,FOREARM,6.0,5.0,0,1,1,0,0,0,1,1.0
0,0,51,0,1,1,0,0,0,1.0,BACK,12.0,8.0,1,0,0,0,0,0,0,4.0
0,0,55,0,0,1,0,1,1,3.0,FOREARM,10.0,7.0,0,1,1,0,0,1,1,3.0
0,0,78,0,1,0,0,1,1,2.0,ARM,10.0,9.0,0,1,0,1,0,0,1,1.0
0,0,63,0,1,0,1,0,1,3.0,HAND,6.0,4.0,0,1,0,0,0,0,0,2.0
1,0,85,0,1,0,1,1,1,2.0,NOSE,13.0,3.0,1,1,1,1,0,1,1,10.0
0,0,64,1,1,1,0,0,0,2.0,FACE,16.0,15.0,1,0,1,0,0,0,0,1.0
0,1,56,1,0,0,0,0,1,1.0,FOREARM,10.0,10.0,0,0,0,0,1,0,1,0.0
0,0,75,0,1,1,1,1,1,2.0,FACE,10.0,10.0,1,1,1,0,0,1,1,0.0
0,0,57,0,1,1,1,1,0,2.0,ARM,10.0,9.0,1,1,0,0,0,1,1,1.0
1,0,52,0,1,0,1,1,1,2.0,FACE,6.0,5.0,1,1,1,0,0,1,1,1.0
1,1,69,0,0,0,1,1,1,2.0,THIGH,12.0,7.0,1,0,0,0,0,0,1,5.0
0,0,52,1,1,1,0,1,0,2.0,BACK,13.0,10.0,1,1,0,0,0,1,1,3.0
0,0,62,0,1,1,0,0,0,2.0,NOSE,4.0,3.0,1,1,0,0,0,0,1,1.0
0,0,49,0,1,1,1,1,0,2.0,CHEST,7.0,3.0,1,1,0,0,0,0,1,4.0
0,0,71,0,1,0,0,1,1,2.0,HAND,7.0,7.0,0,1,0,0,0,0,1,0.0
0,0,63,0,0,0,0,0,0,2.0,BACK,31.0,30.0,1,0,0,0,0,0,0,1.0
0,1,56,1,0,0,0,0,1,1.0,FOREARM,20.0,15.0,1,0,0,0,1,0,1,5.0
0,0,54,0,1,1,1,1,1,3.0,THIGH,10.0,10.0,0,0,1,1,0,0,1,0.0
0,0,90,0,1,0,1,0,0,1.0,HAND,13.0,7.0,1,0,1,0,1,0,0,6.0
0,0,65,0,0,0,1,1,1,2.0,EAR,8.0,5.0,1,1,0,0,0,0,1,3.0
1,0,67,0,0,0,0,1,1,2.0,FOREARM,15.0,15.0,1,1,0,0,0,0,1,0.0
0,0,43,0,1,0,1,1,1,4.0,NECK,20.0,8.0,1,0,1,0,0,0,0,12.0
0,0,71,0,0,1,1,0,1,3.0,FOREARM,12.0,10.0,1,1,0,0,0,0,0,2.0
0,1,55,1,0,1,1,0,0,3.0,FOREARM,6.0,5.0,0,1,0,0,0,0,1,1.0
0,0,77,0,1,0,0,0,0,2.0,FACE,6.0,4.0,1,1,1,1,0,1,1,2.0
0,1,69,0,0,1,0,1,1,2.0,FACE,10.0,5.0,0,0,0,0,0,0,1,5.0
0,0,57,0,1,1,0,1,0,2.0,HAND,8.0,8.0,0,1,0,0,0,0,1,0.0
0,0,69,1,0,0,0,1,1,2.0,EAR,10.0,7.0,1,1,1,0,0,1,0,3.0
0,0,87,1,0,0,0,1,1,2.0,FOREARM,10.0,10.0,0,1,0,0,0,1,1,0.0
0,0,71,0,0,0,1,0,0,2.0,FACE,6.0,5.0,1,1,1,0,0,1,1,1.0
0,0,73,0,1,1,1,1,1,2.0,FOREARM,10.0,9.0,0,1,0,0,0,0,0,1.0
0,0,59,0,1,1,1,1,1,2.0,FACE,6.0,4.0,1,0,0,0,0,0,1,2.0
0,1,78,0,0,0,1,0,0,2.0,CHEST,11.0,10.0,1,1,1,1,0,1,0,1.0
0,0,72,0,0,1,0,0,0,3.0,NOSE,5.0,4.0,1,1,1,1,0,1,1,1.0
0,0,65,1,0,0,0,1,1,2.0,NECK,30.0,27.0,1,1,0,0,0,1,1,3.0
0,1,60,1,0,0,1,0,0,3.0,FOREARM,12.0,10.0,0,1,1,0,0,0,0,2.0
0,0,72,0,0,0,0,1,1,3.0,FACE,17.0,14.0,1,1,1,0,1,1,1,3.0
0,0,77,0,1,0,0,0,0,2.0,FACE,5.0,5.0,1,1,1,1,0,1,1,0.0
0,0,55,0,1,1,1,1,1,3.0,CHEST,13.0,12.0,1,1,1,0,1,0,0,1.0
0,0,63,0,1,1,1,0,0,2.0,NOSE,5.0,5.0,1,1,0,0,0,1,1,0.0
0,0,27,1,0,0,1,0,0,3.0,THIGH,9.0,5.0,0,0,1,0,0,0,1,4.0
0,1,46,0,1,0,0,1,1,3.0,NECK,12.0,6.0,1,0,0,0,0,0,1,6.0
0,0,61,1,1,1,1,0,1,2.0,NOSE,10.0,6.0,1,1,0,0,0,0,1,4.0
0,1,33,1,0,0,1,0,0,2.0,CHEST,10.0,8.0,1,1,1,0,0,1,1,2.0
0,0,58,0,1,0,0,1,1,3.0,HAND,10.0,8.0,1,1,1,0,0,0,1,2.0
0,0,81,0,0,1,1,1,0,2.0,BACK,10.0,9.0,1,0,0,0,0,0,1,1.0
0,0,55,0,1,0,0,1,1,3.0,BACK,5.0,4.0,1,0,0,0,0,0,1,1.0
0,1,62,0,1,1,1,1,1,2.0,NOSE,7.0,5.0,1,1,1,1,0,1,0,2.0
0,0,83,0,0,0,1,0,0,1.0,CHEST,15.0,13.0,1,1,0,0,0,0,1,2.0
0,0,79,0,1,0,1,1,1,4.0,NOSE,4.0,4.0,1,1,1,0,0,1,1,0.0
0,1,81,0,0,0,0,1,1,2.0,FOREARM,12.0,10.0,1,0,0,0,0,0,1,2.0
1,0,75,0,0,1,1,1,1,2.0,LIP,6.0,5.0,1,0,0,0,1,0,1,1.0
0,0,79,0,1,0,0,0,0,1.0,CHEST,10.0,8.0,1,1,0,0,0,0,1,2.0
0,0,77,0,1,1,1,1,1,3.0,NECK,25.0,10.0,0,1,0,0,0,1,0,15.0
0,0,80,0,0,0,0,1,1,2.0,NECK,5.0,5.0,1,1,1,0,0,0,1,0.0
0,0,52,0,1,1,0,1,1,2.0,HAND,15.0,12.0,0,1,0,1,0,0,1,3.0
0,0,45,1,0,0,1,1,0,2.0,NECK,10.0,5.0,1,0,0,0,0,0,0,5.0
0,0,78,0,1,0,1,1,1,2.0,FACE,10.0,6.0,1,1,1,1,0,1,1,4.0
1,1,59,0,0,1,0,1,1,2.0,BACK,7.0,5.0,1,0,0,0,0,0,1,2.0
0,0,70,1,1,1,1,1,0,1.0,ARM,6.0,5.0,0,1,0,0,0,0,0,1.0
0,1,64,1,0,1,0,1,1,2.0,ARM,30.0,20.0,1,1,1,1,0,1,1,10.0
0,0,85,0,1,0,1,1,1,2.0,NOSE,4.0,3.0,1,1,0,1,0,1,1,1.0
0,0,64,0,1,1,0,0,0,2.0,NOSE,3.0,3.0,1,1,0,1,0,1,1,0.0
0,0,88,0,1,0,1,1,1,2.0,FACE,10.0,10.0,1,1,1,0,1,0,1,0.0
0,0,75,0,1,0,1,0,0,2.0,FOREARM,15.0,13.0,1,0,1,0,0,1,1,2.0
0,0,73,0,1,0,0,0,0,2.0,FOREARM,9.0,6.0,0,1,1,0,0,1,0,3.0
0,0,81,0,1,1,0,1,1,1.0,NOSE,5.0,4.0,1,1,1,0,0,0,1,1.0
0,0,74,0,1,0,0,1,1,3.0,FACE,7.0,6.0,1,1,0,0,0,0,0,1.0
1,1,71,1,0,1,1,0,0,2.0,CHEST,8.0,7.0,1,1,1,0,0,0,1,1.0
0,0,74,0,1,0,0,1,1,2.0,FACE,10.0,8.0,0,1,0,0,0,0,0,2.0
0,1,71,1,0,0,0,0,0,2.0,BACK,10.0,10.0,1,0,0,0,0,0,0,0.0
0,0,56,0,1,0,1,0,0,2.0,FACE,70.0,60.0,1,1,1,0,0,0,1,10.0
0,0,30,0,1,1,1,1,1,3.0,BACK,10.0,5.0,0,0,0,0,0,0,0,5.0
0,0,58,1,1,1,1,0,1,2.0,FACE,3.0,3.0,1,0,0,0,0,1,1,0.0
0,0,55,0,0,1,0,1,1,3.0,CHEST,13.0,12.0,1,1,1,0,0,0,1,1.0
0,0,66,0,1,1,1,1,1,3.0,NOSE,4.0,3.0,1,1,0,0,0,1,1,1.0
0,0,26,1,1,1,1,0,0,3.0,CHEST,9.0,6.0,1,1,0,1,0,1,1,3.0
0,0,87,0,0,0,0,1,1,2.0,FACE,15.0,10.0,1,1,1,1,0,1,1,5.0
0,0,53,1,1,0,1,0,0,2.0,BACK,10.0,9.0,1,1,1,1,0,1,1,1.0
0,0,63,0,1,1,1,0,0,3.0,FACE,6.0,4.0,1,1,0,0,0,0,1,2.0
0,0,72,0,0,0,0,1,1,2.0,CHEST,15.0,15.0,1,1,1,1,0,1,1,0.0
0,0,83,1,0,1,0,1,0,2.0,BACK,9.0,9.0,1,1,0,0,0,1,1,0.0
1,1,71,0,0,0,1,0,0,2.0,NOSE,9.0,9.0,1,1,0,1,0,1,1,0.0
0,0,91,0,1,0,1,0,0,2.0,FACE,10.0,8.0,1,1,1,1,0,1,1,2.0
0,0,51,0,1,1,0,0,0,1.0,BACK,12.0,8.0,1,0,0,0,0,0,0,4.0
0,0,73,1,1,1,1,1,0,2.0,FACE,17.0,9.0,1,1,0,1,0,1,1,8.0
0,0,63,0,1,1,1,0,0,2.0,BACK,16.0,11.0,1,0,0,0,0,0,0,5.0
0,0,84,0,1,0,0,0,1,2.0,HAND,26.0,10.0,1,0,0,0,0,0,1,16.0
0,0,44,1,0,1,0,0,0,2.0,NOSE,10.0,10.0,1,1,1,0,0,0,1,0.0
0,0,67,1,0,1,0,0,0,2.0,BACK,10.0,8.0,0,1,1,0,0,0,1,2.0
0,0,64,0,0,1,1,0,1,2.0,NECK,20.0,10.0,1,1,0,1,0,1,1,10.0
0,0,77,0,1,0,1,1,1,3.0,NOSE,4.0,3.0,1,1,1,0,0,1,1,1.0
0,0,78,0,0,0,1,1,0,1.0,FACE,11.0,10.0,1,1,0,0,0,0,0,1.0
1,1,61,1,0,0,0,0,0,2.0,NECK,14.0,8.0,1,0,1,0,0,1,1,6.0
0,0,69,0,1,1,1,1,1,1.0,NECK,13.0,6.0,1,1,1,0,0,1,1,7.0
0,0,58,0,0,0,0,1,1,2.0,BACK,18.0,12.0,1,1,1,0,1,0,0,6.0
0,0,84,0,1,0,0,0,0,2.0,NOSE,13.0,10.0,1,0,0,0,0,1,1,3.0
0,0,44,0,0,0,1,1,1,1.0,CHEST,13.0,8.0,1,1,0,1,0,1,1,5.0
0,0,70,0,1,0,1,1,1,2.0,FACE,5.0,5.0,1,0,0,0,0,0,1,0.0
0,0,74,1,0,1,1,0,0,2.0,FOREARM,7.0,5.0,0,0,0,0,0,0,1,2.0
1,0,70,0,1,0,1,0,0,2.0,NOSE,6.0,4.0,1,1,1,0,0,0,1,2.0
0,0,73,0,1,0,1,1,1,3.0,ARM,10.0,7.0,1,0,1,0,0,0,1,3.0
0,1,54,1,0,1,1,0,0,2.0,ARM,15.0,12.0,1,1,1,1,0,1,1,3.0
0,0,62,1,0,0,0,1,1,2.0,CHEST,0.0,0.0,1,1,0,0,0,1,1,0.0
0,1,64,1,0,0,0,0,0,3.0,NECK,20.0,14.0,1,1,1,1,0,1,1,6.0
0,0,75,0,1,1,0,1,1,2.0,BACK,10.0,10.0,1,1,1,0,0,1,1,0.0
0,0,85,0,1,0,1,1,1,1.0,NOSE,5.0,4.0,1,0,1,0,0,0,1,1.0
0,0,49,0,0,1,0,1,0,3.0,LIP,14.0,8.0,1,1,0,0,0,0,1,6.0
1,0,78,0,0,1,1,1,1,2.0,BACK,10.0,10.0,1,0,1,0,1,0,1,0.0
0,0,57,1,1,1,1,0,1,2.0,BACK,3.0,3.0,0,1,1,0,0,0,1,0.0
0,0,90,0,1,0,1,0,0,1.0,FOREARM,13.0,7.0,0,1,0,1,0,1,1,6.0
0,0,78,0,1,0,0,0,0,2.0,FOREARM,4.0,4.0,0,1,0,0,0,0,1,0.0
0,1,66,0,1,1,1,1,1,2.0,ARM,8.0,7.0,0,0,0,0,0,0,1,1.0
0,0,62,1,1,1,0,1,1,1.0,FACE,6.0,5.0,1,1,1,1,0,1,1,1.0
0,0,56,0,1,1,0,1,1,1.0,NOSE,6.0,5.0,1,1,0,1,0,1,1,1.0
0,1,37,0,1,0,1,0,0,4.0,FACE,8.0,7.0,0,1,1,0,0,1,1,1.0
0,0,43,1,0,0,0,0,0,2.0,FACE,5.0,5.0,1,1,1,0,0,0,1,0.0
0,0,59,1,1,0,0,0,0,3.0,FOOT,11.0,10.0,0,0,0,0,0,0,1,1.0
1,0,77,0,0,0,1,1,1,2.0,FACE,15.0,9.0,1,1,1,0,0,0,1,6.0
1,0,58,1,1,0,0,0,0,3.0,FACE,4.0,3.0,1,1,0,0,0,1,1,1.0
1,0,63,0,1,1,1,0,0,2.0,FOREARM,8.0,7.0,0,1,0,0,0,0,0,1.0
0,0,43,1,0,0,0,1,1,2.0,EAR,7.0,5.0,1,1,1,0,0,1,1,2.0
1,1,61,0,0,0,0,0,0,2.0,CHEST,25.0,12.0,1,1,0,1,0,1,1,13.0
1,0,63,0,0,1,1,0,0,2.0,FACE,10.0,10.0,0,0,0,0,0,0,0,0.0
0,0,82,0,1,0,0,1,1,2.0,FOREARM,9.0,7.0,0,1,0,0,0,1,0,2.0
0,0,68,1,0,1,1,1,0,2.0,BACK,16.0,14.0,1,1,0,1,0,1,1,2.0
0,0,62,1,0,1,0,0,0,3.0,NOSE,7.0,5.0,1,1,1,1,0,1,1,2.0
0,1,52,0,1,0,1,1,1,3.0,FACE,15.0,10.0,1,0,1,0,1,1,1,5.0
1,1,64,1,0,1,1,1,1,3.0,FACE,12.0,9.0,1,0,0,0,0,0,1,3.0
0,0,71,1,0,1,0,0,0,3.0,FACE,10.0,7.0,1,0,1,0,1,0,1,3.0
0,0,63,0,1,0,1,1,1,4.0,NECK,6.0,4.0,0,0,1,0,1,0,0,2.0
0,0,78,1,1,1,1,0,0,1.0,FACE,10.0,10.0,0,1,0,1,0,1,1,0.0
0,1,53,0,0,1,1,1,1,2.0,BACK,10.0,10.0,0,0,0,0,0,0,1,0.0
0,0,51,1,1,0,1,1,1,2.0,NOSE,5.0,5.0,1,0,1,1,0,1,1,0.0
0,0,35,1,0,0,1,1,1,4.0,CHEST,6.0,5.0,0,0,1,0,1,0,1,1.0
0,0,90,0,1,0,1,1,1,1.0,ARM,19.0,15.0,1,0,0,0,0,0,1,4.0
0,0,35,0,1,0,1,1,1,2.0,FACE,11.0,7.0,1,0,0,0,0,0,1,4.0
0,1,62,1,0,0,0,0,0,2.0,BACK,15.0,11.0,1,0,1,0,1,0,1,4.0
0,0,83,0,1,1,1,1,1,3.0,FOREARM,15.0,15.0,1,1,0,0,0,0,1,0.0
0,0,79,1,0,0,1,1,1,2.0,BACK,12.0,10.0,1,1,0,0,0,0,0,2.0
0,0,57,0,1,1,1,0,0,3.0,CHEST,17.0,15.0,0,0,1,0,0,0,1,2.0
0,0,52,0,1,0,0,1,1,2.0,FOREARM,6.0,5.0,0,1,0,0,0,0,0,1.0
0,0,50,1,0,0,1,0,0,2.0,FOREARM,9.0,6.0,0,1,0,0,0,0,0,3.0
1,0,62,0,1,1,1,0,0,2.0,NOSE,14.0,10.0,1,1,1,1,0,1,1,4.0
1,1,45,0,1,1,1,1,1,2.0,CHEST,12.0,12.0,1,1,1,0,0,0,1,0.0
0,0,56,0,1,1,1,1,1,3.0,HAND,11.0,10.0,1,1,0,0,0,0,1,1.0
0,1,63,0,0,0,0,0,0,2.0,FACE,9.0,6.0,1,0,1,0,0,0,1,3.0
0,1,70,1,0,0,0,0,0,3.0,FACE,9.0,9.0,1,0,1,0,1,0,0,0.0
0,0,51,1,0,0,1,0,0,2.0,CHEST,15.0,15.0,1,0,1,0,1,1,0,0.0
0,0,68,0,0,0,1,1,1,2.0,BACK,15.0,10.0,1,1,0,1,0,1,0,5.0
0,0,68,1,0,1,1,1,1,2.0,FOREARM,11.0,7.0,1,1,1,1,1,1,1,4.0
0,0,51,1,1,1,0,0,0,4.0,FACE,9.0,7.0,1,1,1,1,0,0,1,2.0
0,0,61,0,1,0,1,1,1,3.0,FACE,5.0,5.0,0,0,1,0,1,0,1,0.0
0,0,78,0,1,1,0,1,0,3.0,FACE,7.0,5.0,1,1,0,0,0,1,1,2.0
0,0,49,0,1,1,1,1,0,2.0,FOOT,8.0,4.0,0,0,0,0,0,0,0,4.0
0,0,36,0,1,1,0,1,1,2.0,BACK,8.0,6.0,0,0,1,0,0,0,0,2.0
0,0,85,0,1,0,1,0,0,2.0,FACE,7.0,7.0,1,1,0,1,0,0,1,0.0
0,0,80,0,0,0,1,1,1,3.0,EAR,10.0,6.0,1,1,1,1,0,1,0,4.0
1,0,84,1,1,0,0,1,1,4.0,CHEST,15.0,10.0,1,1,1,0,0,1,1,5.0
0,0,68,1,0,0,0,1,1,2.0,FACE,13.0,6.0,0,0,0,0,0,0,0,7.0
0,1,50,1,0,0,0,1,1,3.0,BACK,8.0,4.0,0,0,0,0,0,0,0,4.0
1,0,52,0,1,0,1,1,1,4.0,CHEST,5.0,3.0,0,0,0,0,0,0,1,2.0
0,0,46,0,1,0,0,1,1,2.0,FOREARM,8.0,6.0,1,0,0,0,0,0,1,2.0
0,0,85,1,1,1,1,1,1,2.0,FACE,10.0,9.0,1,1,1,1,0,0,1,1.0
0,0,49,1,1,1,0,1,0,2.0,EAR,6.0,4.0,1,1,0,1,0,1,0,2.0
0,1,71,0,0,0,1,1,1,3.0,BACK,30.0,20.0,1,1,1,0,0,1,0,10.0
0,0,69,0,0,0,1,0,0,2.0,FOREARM,18.0,18.0,1,1,1,1,0,1,1,0.0
0,0,87,0,1,0,0,0,0,2.0,FACE,5.0,4.0,1,1,1,0,0,0,1,1.0
0,0,78,0,0,0,1,1,0,1.0,BACK,10.0,7.0,1,1,1,0,0,0,1,3.0
0,0,68,0,1,0,1,1,0,2.0,THIGH,6.0,5.0,1,0,1,0,0,0,0,1.0
0,1,62,0,0,0,1,1,0,2.0,ARM,11.0,9.0,1,1,1,1,0,1,1,2.0
0,0,79,0,0,0,0,0,0,2.0,FACE,14.0,14.0,0,0,0,0,0,0,1,0.0
1,0,69,0,0,1,0,0,0,1.0,FACE,5.0,5.0,1,0,1,0,0,0,1,0.0
0,0,53,0,0,0,0,1,1,2.0,SCALP,10.0,8.0,0,1,0,0,0,0,0,2.0
0,1,74,0,0,1,1,0,0,3.0,NOSE,10.0,8.0,1,1,0,0,0,1,1,2.0
0,0,81,0,1,1,0,1,1,1.0,THIGH,15.0,12.0,1,1,1,0,1,0,0,3.0
1,1,84,0,0,1,0,0,0,2.0,NOSE,7.0,7.0,1,1,0,0,0,0,1,0.0
0,0,55,1,1,0,1,1,1,5.0,NOSE,1.0,1.0,0,0,0,0,0,0,1,0.0
0,1,66,0,1,1,1,1,1,2.0,HAND,8.0,7.0,1,0,0,0,0,0,1,1.0
0,0,79,0,1,0,1,1,1,2.0,CHEST,12.0,10.0,1,1,0,1,0,0,1,2.0
0,0,57,0,0,0,0,1,1,3.0,ARM,4.0,3.0,0,1,0,0,0,0,0,1.0
0,0,89,0,1,1,1,1,1,2.0,CHEST,9.0,7.0,1,1,0,1,0,1,1,2.0
0,0,39,0,1,0,0,1,1,3.0,FACE,18.0,15.0,1,1,1,1,1,1,1,3.0
0,1,84,0,0,0,0,1,1,2.0,FACE,12.0,9.0,1,1,1,1,0,1,1,3.0
1,0,67,0,0,1,0,1,1,2.0,FOREARM,15.0,10.0,1,1,1,0,1,1,0,5.0
0,0,71,0,0,0,0,1,1,2.0,NECK,10.0,7.0,1,1,0,0,0,1,1,3.0
0,0,41,1,1,0,0,0,0,2.0,ARM,22.0,15.0,1,1,1,0,1,0,0,7.0
0,0,51,0,1,1,0,0,0,1.0,CHEST,25.0,11.0,1,1,1,0,0,1,0,14.0
0,0,91,0,1,0,0,0,0,2.0,FACE,15.0,8.0,1,1,1,1,1,1,1,7.0
0,1,46,0,1,0,1,1,0,2.0,FOOT,7.0,5.0,1,1,0,0,0,0,1,2.0
0,0,73,0,1,1,0,0,0,2.0,NOSE,13.0,8.0,1,1,1,1,0,1,1,5.0
0,0,80,0,0,0,1,1,1,2.0,NECK,8.0,8.0,1,0,0,0,0,0,0,0.0
0,0,77,0,1,1,1,1,1,3.0,NECK,25.0,10.0,0,1,0,0,0,1,0,15.0
0,0,53,0,1,1,1,1,1,3.0,FACE,6.0,5.0,1,1,1,0,0,1,1,1.0
0,0,62,1,0,0,0,0,0,3.0,ARM,6.0,6.0,0,1,0,0,0,0,0,0.0
0,0,61,0,0,1,0,0,0,3.0,FOREARM,2.0,2.0,1,1,0,0,0,0,1,0.0
0,0,66,0,1,1,0,0,0,2.0,FACE,17.0,9.0,1,1,0,0,0,0,0,8.0
0,0,48,1,0,1,0,0,0,2.0,FACE,15.0,14.0,1,1,1,0,0,1,1,1.0
0,0,70,1,0,0,0,1,1,2.0,FOREARM,10.0,8.0,0,1,0,0,0,0,0,2.0
0,1,47,1,0,0,1,1,1,2.0,CHEST,13.0,11.0,1,1,0,1,0,1,0,2.0
0,1,54,1,0,1,1,0,0,2.0,ARM,15.0,12.0,1,1,1,1,0,1,1,3.0
0,0,82,0,1,0,0,1,1,2.0,FOREARM,9.0,7.0,0,1,0,0,0,1,0,2.0
1,1,78,1,0,1,1,0,0,3.0,ARM,9.0,7.0,1,1,1,0,0,0,1,2.0
1,0,52,0,1,0,1,1,1,2.0,FACE,6.0,5.0,1,1,1,0,0,1,1,1.0
0,1,67,1,0,0,0,0,0,2.0,THIGH,9.0,7.0,1,0,1,0,1,0,0,2.0
0,0,84,0,1,0,1,1,1,2.0,EAR,40.0,25.0,0,1,0,0,0,1,0,15.0
0,0,24,1,1,1,1,1,1,2.0,BACK,11.0,9.0,0,0,0,0,0,0,1,2.0
0,0,53,1,1,0,1,0,0,2.0,BACK,10.0,9.0,1,1,1,1,0,1,1,1.0
1,0,66,0,1,0,1,1,1,2.0,FOREARM,10.0,6.0,1,1,0,0,0,0,1,4.0
0,0,39,0,0,0,0,0,0,2.0,FACE,10.0,8.0,1,1,1,1,0,1,1,2.0
0,1,51,0,1,0,0,1,0,2.0,FACE,4.0,4.0,1,0,0,0,0,0,1,0.0
0,0,41,0,0,0,0,1,0,2.0,NOSE,9.0,9.0,1,1,1,1,0,1,1,0.0
1,0,69,0,0,0,0,1,0,1.0,ARM,13.0,9.0,1,1,0,0,0,0,1,4.0
0,0,59,1,1,1,0,1,1,3.0,FACE,15.0,5.0,1,1,0,0,0,0,0,10.0
0,0,79,0,1,0,1,1,1,2.0,CHEST,12.0,10.0,1,1,0,1,0,0,1,2.0
0,0,66,0,1,0,1,0,0,2.0,FACE,7.0,7.0,1,1,1,0,0,1,1,0.0
0,1,37,0,1,0,1,0,0,4.0,FACE,8.0,7.0,0,1,1,0,0,1,1,1.0
0,0,71,0,1,0,1,1,1,2.0,CHEST,7.0,6.0,0,1,0,0,0,0,1,1.0
0,0,77,0,1,1,1,1,1,2.0,FACE,10.0,8.0,1,0,0,0,0,0,1,2.0
0,0,66,0,1,0,1,1,1,3.0,NECK,5.0,4.0,1,1,0,0,0,0,1,1.0
0,1,50,1,0,0,0,0,0,2.0,FACE,4.0,4.0,0,0,0,0,0,0,0,0.0
0,0,71,0,1,0,1,0,0,3.0,CHEST,4.0,3.0,0,0,1,0,0,0,1,1.0
0,0,53,1,1,1,0,1,1,3.0,CHEST,18.0,15.0,1,0,0,0,0,0,0,3.0
0,1,63,1,0,0,1,0,0,3.0,FACE,6.0,5.0,1,0,0,0,0,0,1,1.0
0,0,44,0,0,1,0,1,1,3.0,CHEST,10.0,7.0,1,1,0,0,0,0,1,3.0
0,0,72,0,1,1,1,1,1,2.0,FACE,9.0,7.0,1,1,0,1,0,1,1,2.0
0,0,71,0,1,0,1,0,0,2.0,FACE,15.0,14.0,1,1,1,1,0,1,1,1.0
0,0,79,0,1,0,0,1,1,2.0,HAND,15.0,10.0,0,1,1,0,0,0,1,5.0
0,1,30,0,0,0,1,0,0,2.0,NECK,20.0,20.0,0,0,1,0,0,0,1,0.0
0,1,65,1,0,0,0,1,1,2.0,FACE,6.0,5.0,1,1,0,1,0,1,1,1.0
1,0,67,1,0,0,1,1,1,1.0,BACK,12.0,9.0,1,1,0,1,0,1,1,3.0
0,0,58,1,1,1,1,0,0,2.0,FOREARM,9.0,4.0,0,1,0,0,0,0,0,5.0
0,0,41,1,1,0,0,0,0,2.0,ARM,22.0,15.0,1,1,1,0,1,0,0,7.0
0,1,61,0,0,1,1,1,1,3.0,FACE,5.0,7.0,1,1,0,1,0,1,1,2.0
0,0,68,1,0,0,0,1,1,3.0,FACE,5.0,3.0,1,1,0,0,0,0,1,2.0
0,0,55,0,1,1,1,1,1,3.0,NECK,6.0,5.0,1,1,1,0,1,1,1,1.0
0,0,64,0,1,1,1,1,1,2.0,FOREARM,7.0,6.0,1,1,1,1,0,1,1,1.0
0,0,52,1,1,1,1,1,0,3.0,THIGH,11.0,8.0,1,1,1,0,0,1,0,3.0
0,0,58,1,1,0,1,0,0,2.0,NOSE,11.0,7.0,1,1,1,1,0,1,1,4.0
0,0,51,1,1,0,1,1,1,2.0,NOSE,5.0,5.0,1,0,1,1,0,1,1,0.0
0,0,73,0,0,1,0,0,0,2.0,FOREARM,13.0,10.0,0,1,0,0,0,1,0,3.0
0,1,71,0,1,0,0,1,1,2.0,FACE,7.0,5.0,1,1,1,0,0,0,1,2.0
0,1,49,0,0,0,1,0,0,2.0,FACE,10.0,6.0,1,1,0,0,0,0,1,4.0
0,0,30,0,1,0,0,0,0,2.0,NOSE,3.0,3.0,1,1,0,1,0,1,1,0.0
0,0,59,0,1,1,1,1,1,2.0,EAR,7.0,6.0,1,0,0,0,0,0,0,1.0
0,0,56,1,1,1,0,1,1,3.0,NOSE,5.0,3.0,1,1,1,0,0,0,1,2.0
1,0,62,0,1,1,1,1,1,2.0,FACE,2.0,2.0,1,1,1,0,0,1,1,0.0
1,0,72,1,0,0,1,1,1,2.0,HAND,16.0,15.0,1,1,0,1,0,1,1,1.0
1,0,85,0,1,0,1,1,1,2.0,ARM,15.0,10.0,1,1,1,1,0,1,1,5.0
0,0,83,0,1,0,0,0,0,2.0,BACK,32.0,28.0,1,0,0,0,0,0,1,4.0
1,1,78,1,0,1,1,0,0,3.0,NECK,10.0,6.0,1,1,0,1,0,1,1,4.0
0,1,82,1,0,1,0,0,0,1.0,FACE,22.0,10.0,1,1,0,1,0,1,1,12.0
0,0,55,0,1,1,1,0,0,2.0,BACK,6.0,5.0,1,0,1,0,0,0,1,1.0
0,0,53,0,1,1,0,0,0,2.0,NECK,10.0,8.0,1,1,1,1,0,1,1,2.0
0,0,43,0,1,1,1,0,0,3.0,CHEST,4.0,3.0,1,1,1,0,0,1,1,1.0
0,0,71,0,1,0,0,1,1,2.0,FACE,20.0,16.0,1,1,0,0,0,1,1,4.0
0,0,50,0,0,1,0,1,0,2.0,BACK,23.0,21.0,1,1,1,1,0,1,1,2.0
0,0,55,1,1,1,0,1,0,1.0,FACE,7.0,8.0,1,1,1,0,0,1,1,1.0
0,1,54,0,0,0,0,1,0,2.0,CHEST,9.0,5.0,0,0,0,0,0,0,0,4.0
0,0,81,0,0,0,0,1,1,4.0,NOSE,10.0,7.0,1,1,1,1,0,1,1,3.0
1,0,73,0,1,0,0,1,0,2.0,FACE,18.0,15.0,0,0,1,0,0,0,1,3.0
0,1,41,1,0,1,1,0,0,2.0,LIP,18.0,12.0,1,1,0,1,0,1,1,6.0
0,0,64,1,1,0,0,1,1,2.0,HAND,14.0,13.0,0,1,0,0,0,0,0,1.0
0,1,70,0,0,1,1,1,1,1.0,EAR,5.0,3.0,1,0,1,0,0,1,1,2.0
0,1,27,0,1,0,1,0,0,4.0,HAND,6.0,5.0,0,0,0,0,0,0,0,1.0
0,0,80,0,1,1,0,1,1,2.0,NOSE,10.0,8.0,1,1,0,1,0,1,1,2.0
0,0,73,0,1,0,0,1,1,3.0,FACE,5.0,4.0,0,1,0,0,0,0,1,1.0
1,0,83,0,0,0,0,1,1,2.0,FOREARM,30.0,20.0,1,1,0,1,0,1,1,10.0
0,0,73,0,1,0,0,0,0,2.0,FOREARM,12.0,10.0,0,0,0,0,0,0,0,2.0
0,0,69,1,1,1,1,1,0,1.0,FACE,6.0,5.0,1,1,1,1,0,1,1,1.0
0,0,71,0,1,0,0,0,1,2.0,HAND,6.0,5.0,0,1,0,0,0,0,0,1.0
0,1,54,0,1,0,1,0,0,3.0,ARM,15.0,13.0,0,1,1,0,0,1,0,2.0
0,1,47,1,0,0,0,0,0,2.0,BACK,16.0,10.0,1,1,1,0,0,1,1,6.0
1,0,74,1,0,0,1,1,1,2.0,BACK,19.0,17.0,1,1,1,1,1,0,1,2.0
0,0,79,0,0,0,0,0,0,2.0,EAR,30.0,15.0,1,1,0,1,0,1,1,15.0
1,1,59,0,0,0,0,1,1,2.0,NECK,20.0,15.0,1,1,1,1,0,1,1,5.0
0,1,39,1,0,0,1,1,0,2.0,FACE,20.0,14.0,1,1,1,1,0,1,1,6.0
0,0,60,1,0,0,1,1,1,2.0,NOSE,3.0,3.0,1,1,0,0,0,0,0,0.0
0,0,65,1,0,0,1,1,1,2.0,FACE,35.0,15.0,0,1,0,0,0,0,0,20.0
0,0,77,0,1,1,1,0,0,2.0,THIGH,10.0,9.0,1,1,0,0,0,0,0,1.0
1,0,64,1,0,1,1,1,1,2.0,FACE,10.0,10.0,1,1,1,1,0,1,1,0.0
0,0,51,0,1,0,1,1,1,1.0,CHEST,11.0,6.0,1,0,0,0,0,0,1,5.0
0,0,84,0,1,0,0,0,1,2.0,HAND,26.0,10.0,1,0,0,0,0,0,1,16.0
0,0,84,0,1,0,1,0,0,3.0,NOSE,6.0,4.0,1,1,1,1,0,0,1,2.0
0,0,87,0,0,0,0,1,1,2.0,FACE,15.0,10.0,1,1,1,1,0,1,1,5.0
0,1,61,1,0,1,1,1,0,3.0,CHEST,4.0,3.0,1,1,0,0,0,0,1,1.0
0,0,16,0,1,0,0,1,1,2.0,FACE,8.0,7.0,0,0,0,0,0,0,1,1.0
0,0,63,1,0,1,0,0,0,3.0,BACK,14.0,13.0,1,1,0,1,0,1,1,1.0
0,0,85,1,1,0,0,1,1,3.0,EAR,35.0,25.0,1,0,1,0,1,1,1,10.0
0,0,75,1,0,0,1,1,1,2.0,BACK,9.0,6.0,1,1,1,0,1,0,1,3.0
0,0,68,0,1,1,1,1,1,2.0,FACE,9.0,8.0,1,1,1,1,0,0,1,1.0
0,0,64,0,1,0,0,1,1,3.0,FACE,7.0,7.0,1,0,0,0,0,0,1,0.0
0,0,65,1,0,0,1,1,1,2.0,CHEST,35.0,15.0,0,1,0,0,0,1,0,20.0
0,0,77,0,0,1,0,0,0,2.0,FACE,20.0,12.0,1,1,1,0,0,1,0,8.0
0,0,73,0,1,1,0,1,1,2.0,CHEST,45.0,32.0,1,1,0,1,0,0,1,13.0
0,0,87,1,0,0,0,1,1,2.0,FACE,10.0,10.0,1,1,1,0,0,1,1,0.0
0,0,79,1,1,1,1,0,0,2.0,FOREARM,15.0,13.0,0,1,0,0,0,0,1,2.0
0,0,66,0,1,0,1,1,1,1.0,FACE,11.0,7.0,1,1,1,0,0,1,1,4.0
0,0,44,0,1,1,0,1,1,2.0,CHEST,16.0,7.0,1,0,0,0,0,0,1,9.0
0,0,81,0,0,0,0,0,0,1.0,FACE,6.0,5.0,1,1,0,1,0,1,1,1.0
1,1,50,1,0,0,1,0,0,2.0,CHEST,6.0,6.0,1,0,1,0,0,0,1,0.0
0,0,52,0,1,0,0,1,1,3.0,NOSE,3.0,3.0,1,0,1,0,1,1,1,0.0
0,0,73,0,1,1,0,0,0,2.0,LIP,18.0,16.0,1,1,0,1,0,1,1,2.0
0,0,83,0,0,1,1,1,1,2.0,EAR,9.0,5.0,1,1,0,1,0,1,1,4.0
0,0,68,0,1,0,1,0,1,2.0,NOSE,8.0,5.0,1,1,1,1,1,1,0,3.0
0,0,57,0,1,1,0,1,0,2.0,HAND,5.0,4.0,1,1,0,0,0,1,1,1.0
1,0,72,1,0,0,1,1,1,2.0,HAND,16.0,15.0,1,1,0,1,0,1,1,1.0
1,0,76,0,1,0,1,1,1,3.0,NECK,5.0,5.0,1,0,1,0,0,0,1,0.0
0,1,79,0,0,1,0,0,0,1.0,FOREARM,5.0,5.0,1,1,1,0,0,1,1,0.0
0,0,65,1,0,0,0,1,1,2.0,BACK,16.0,15.0,1,1,0,0,0,1,1,1.0
1,1,69,0,0,0,0,1,1,1.0,FACE,8.0,5.0,0,1,0,0,0,0,0,3.0
0,0,56,0,1,0,1,1,1,3.0,FACE,13.0,12.0,0,1,0,0,0,0,0,1.0
0,0,75,1,0,0,1,1,1,2.0,THIGH,8.0,6.0,0,1,1,0,0,0,1,2.0
0,1,77,0,0,0,1,1,1,1.0,FACE,6.0,5.0,1,1,0,0,0,0,0,1.0
0,0,44,0,0,0,1,1,1,1.0,CHEST,8.0,6.0,1,1,0,1,0,1,1,2.0
0,1,39,0,0,0,0,1,1,2.0,THIGH,6.0,5.0,1,0,0,0,0,0,0,1.0
0,0,77,1,0,0,1,1,1,2.0,FOOT,5.0,5.0,1,1,0,0,0,1,1,0.0
0,0,45,1,0,1,1,1,1,3.0,FOREARM,10.0,10.0,0,1,1,0,0,0,1,0.0
1,0,67,1,0,0,1,1,1,1.0,LIP,6.0,4.0,1,1,1,1,0,1,1,2.0
1,1,64,1,0,0,0,1,1,2.0,FOREARM,26.0,18.0,1,1,0,1,0,1,1,8.0
0,0,39,1,1,1,1,0,0,2.0,NECK,13.0,10.0,1,1,1,0,0,1,0,3.0
0,0,77,0,0,1,1,0,0,1.0,FOREARM,10.0,10.0,1,1,0,1,0,1,1,0.0
0,1,50,1,0,0,1,1,1,2.0,FACE,40.0,30.0,1,0,0,0,0,0,1,10.0
0,0,73,0,1,1,0,0,0,2.0,NOSE,13.0,8.0,1,1,1,1,0,1,1,5.0
0,0,60,1,0,0,1,1,1,2.0,NOSE,3.0,3.0,1,1,0,0,0,0,0,0.0
0,0,65,1,0,0,1,1,1,2.0,CHEST,35.0,15.0,0,1,0,0,0,1,0,20.0
0,0,47,1,1,1,0,1,1,3.0,CHEST,11.0,11.0,1,1,1,1,0,1,1,0.0
0,1,88,1,0,1,1,1,1,2.0,FACE,15.0,13.0,1,1,0,1,0,1,1,2.0
0,0,79,1,1,1,1,1,0,3.0,FOREARM,11.0,9.0,1,1,0,0,0,0,1,2.0
0,0,90,0,1,0,1,0,0,1.0,HAND,13.0,7.0,1,0,1,0,1,0,0,6.0
1,0,67,1,0,1,1,1,1,3.0,EAR,15.0,11.0,1,1,1,0,1,0,1,4.0
0,0,62,0,1,1,1,0,0,2.0,CHEST,7.0,6.0,1,1,1,1,0,0,1,1.0
1,1,65,1,0,1,1,1,1,2.0,FACE,6.0,5.0,0,1,1,0,0,0,1,1.0
0,0,55,0,0,1,0,1,1,3.0,CHEST,13.0,12.0,1,1,1,0,0,0,1,1.0
1,1,73,0,0,1,0,0,0,2.0,HAND,25.0,18.0,1,1,0,0,0,0,0,7.0
0,1,55,0,1,1,1,1,1,3.0,CHEST,5.0,4.0,0,1,0,0,0,0,0,1.0
0,1,64,0,0,1,1,1,0,2.0,FACE,12.0,9.0,1,1,0,0,0,1,1,3.0
0,1,31,1,0,0,0,0,0,2.0,BACK,6.0,4.0,1,1,1,1,0,0,1,2.0
0,0,52,1,0,1,1,1,0,1.0,NOSE,7.0,7.0,1,1,1,1,0,1,1,0.0
0,0,62,1,1,1,0,1,1,2.0,FACE,15.0,10.0,1,1,1,0,0,0,1,5.0
0,0,70,1,0,1,0,0,0,3.0,FACE,14.0,3.0,1,0,1,0,1,0,1,11.0
1,0,66,1,0,0,0,1,1,2.0,NECK,8.0,6.0,1,1,0,0,0,1,1,2.0
0,0,50,0,1,1,1,1,1,3.0,CHEST,7.0,5.0,1,0,1,0,1,0,0,2.0
0,0,63,0,1,0,0,1,1,2.0,CHEST,14.0,9.0,1,1,0,0,0,0,1,5.0
0,0,71,0,1,0,1,0,0,2.0,FACE,15.0,14.0,1,1,1,1,0,1,1,1.0
0,0,65,1,0,0,1,1,1,2.0,CHEST,35.0,15.0,0,1,0,0,0,1,0,20.0
0,0,53,1,1,1,0,1,1,3.0,BACK,23.0,20.0,1,1,0,0,0,0,1,3.0
0,0,53,1,0,1,1,1,0,1.0,FACE,4.0,3.0,1,1,1,1,0,1,1,1.0
0,0,38,0,1,1,0,1,1,3.0,NOSE,4.0,2.0,1,0,0,0,0,0,1,2.0
0,0,64,1,1,1,0,0,0,2.0,FACE,16.0,15.0,1,0,1,0,0,0,0,1.0
0,1,58,0,0,0,1,0,0,2.0,ARM,12.0,11.0,1,0,0,0,0,0,1,1.0
0,0,59,0,1,1,1,1,1,2.0,ARM,17.0,11.0,1,1,1,0,0,1,0,6.0
0,0,85,0,1,0,1,1,1,1.0,BACK,10.0,10.0,1,1,0,1,0,1,1,0.0
0,1,58,1,0,1,0,1,1,2.0,BACK,30.0,20.0,1,1,0,0,0,0,0,10.0
0,0,42,1,1,1,1,1,1,3.0,NOSE,11.0,9.0,1,1,1,0,1,0,1,2.0
0,1,57,1,1,1,0,1,1,3.0,HAND,14.0,13.0,1,0,1,1,1,0,1,1.0
0,0,78,0,0,1,1,1,0,2.0,THIGH,10.0,10.0,1,1,0,0,0,1,1,0.0
0,0,66,0,1,0,0,1,1,2.0,FACE,12.0,8.0,1,0,0,0,0,0,1,4.0
0,0,81,0,1,1,0,1,1,2.0,BACK,7.0,18.0,1,1,1,0,0,1,1,11.0
0,0,79,0,0,0,1,1,1,3.0,ARM,20.0,10.0,1,1,1,1,0,1,0,10.0
0,1,64,0,0,0,1,1,1,2.0,FACE,12.0,10.0,0,0,1,0,0,0,1,2.0
0,0,85,1,1,0,1,1,1,2.0,FACE,8.0,6.0,1,0,0,0,0,0,1,2.0
0,0,83,0,0,0,1,0,0,1.0,CHEST,15.0,13.0,1,1,0,0,0,0,1,2.0
0,0,51,1,0,0,1,0,0,2.0,CHEST,15.0,15.0,1,0,1,0,1,1,0,0.0
0,0,55,0,1,1,1,0,0,2.0,CHEST,6.0,5.0,0,1,0,0,0,0,0,1.0
1,1,68,0,0,1,1,0,0,2.0,FOREARM,10.0,8.0,1,1,1,0,0,0,1,2.0
0,0,73,0,1,0,1,1,1,2.0,BACK,10.0,7.0,1,1,0,0,0,0,1,3.0
0,1,27,0,1,0,1,1,1,4.0,ABDOMEN,8.0,5.0,0,0,1,0,0,0,1,3.0
1,1,64,1,0,1,1,1,1,3.0,FACE,7.0,6.0,1,0,1,0,0,0,1,1.0
1,1,32,1,0,1,1,1,1,3.0,FACE,17.0,15.0,1,1,1,1,1,1,1,2.0
0,0,84,0,1,0,0,0,1,2.0,NOSE,7.0,6.0,1,0,0,0,0,0,1,1.0
0,1,71,1,0,0,1,1,1,2.0,LIP,6.0,5.0,0,0,1,0,0,0,1,1.0
0,0,59,1,1,1,1,1,1,3.0,FOREARM,15.0,13.0,0,1,0,0,0,0,0,2.0
0,0,82,1,1,1,0,1,1,2.0,ARM,18.0,15.0,0,1,0,0,0,0,0,3.0
1,1,65,1,0,1,0,0,0,2.0,FACE,10.0,8.0,1,1,0,0,0,0,1,2.0
0,1,52,1,0,1,1,0,0,2.0,CHEST,8.0,4.0,1,1,0,0,0,1,1,4.0
1,1,84,0,0,1,0,0,0,2.0,FACE,7.0,6.0,1,0,0,0,0,0,1,1.0
0,1,58,1,0,0,0,0,0,2.0,CHEST,20.0,18.0,1,1,1,1,0,1,1,2.0
0,0,77,0,1,0,1,0,0,2.0,EAR,16.0,15.0,1,0,1,0,0,0,1,1.0
0,0,58,0,0,0,0,1,1,2.0,FACE,8.0,5.0,1,0,0,0,0,0,1,3.0
0,0,44,0,0,0,1,1,1,1.0,ABDOMEN,12.0,9.0,1,1,0,1,0,1,1,3.0
0,0,33,1,1,1,0,0,0,2.0,FACE,8.0,5.0,1,0,0,0,0,0,1,3.0
0,0,36,0,1,0,1,1,1,2.0,CHEST,15.0,10.0,1,1,1,1,0,1,1,5.0
0,0,57,0,0,1,0,1,1,4.0,CHEST,12.0,10.0,1,1,1,1,0,0,1,2.0
0,1,47,1,0,1,1,0,0,2.0,FACE,7.0,6.0,1,0,1,0,0,1,1,1.0
0,0,78,1,0,1,0,1,1,2.0,EAR,13.0,10.0,1,1,0,1,0,1,1,3.0
0,0,63,1,0,1,0,0,0,2.0,EAR,10.0,8.0,1,1,1,1,0,1,1,2.0
1,0,72,0,1,0,0,1,0,2.0,ARM,23.0,15.0,1,1,0,0,0,0,0,8.0
0,1,40,0,0,1,1,1,1,3.0,CHEST,30.0,25.0,1,0,1,0,1,1,1,5.0
0,0,58,0,0,0,0,1,1,2.0,BACK,18.0,12.0,1,1,1,0,1,0,0,6.0
0,0,73,0,1,0,0,0,0,2.0,FOREARM,9.0,6.0,0,1,0,1,0,0,0,3.0
0,0,70,0,1,0,1,1,1,2.0,NOSE,11.0,10.0,1,1,0,1,0,1,1,1.0
0,0,66,0,1,0,1,0,0,2.0,NOSE,4.0,4.0,1,0,0,0,0,0,1,0.0
1,1,69,0,0,0,1,1,1,3.0,HAND,10.0,9.0,1,1,1,0,1,0,1,1.0
0,0,78,1,1,1,1,0,0,1.0,FACE,10.0,10.0,0,1,0,1,0,1,1,0.0
0,0,80,0,1,1,0,0,0,2.0,HAND,7.0,5.0,1,1,0,0,0,0,1,2.0
0,0,77,0,0,1,0,1,1,2.0,NECK,10.0,9.0,0,1,1,0,1,1,1,1.0
0,0,61,0,1,0,1,0,0,2.0,NOSE,15.0,7.0,1,1,1,1,0,1,1,8.0
0,0,70,1,0,0,0,1,1,2.0,FOREARM,19.0,15.0,1,1,0,0,0,0,1,4.0
0,0,56,0,1,0,1,1,1,3.0,FACE,13.0,12.0,0,1,0,0,0,0,0,1.0
0,1,56,1,0,1,1,1,0,3.0,FOREARM,10.0,8.0,1,0,1,0,0,0,1,2.0
1,1,62,1,0,1,1,0,0,3.0,FOREARM,11.0,8.0,0,1,0,0,0,1,0,3.0
0,0,13,0,1,0,0,0,0,2.0,THIGH,89.0,27.0,0,0,0,0,0,0,1,62.0
0,0,55,0,1,0,0,1,1,3.0,BACK,16.0,13.0,1,1,1,0,0,1,1,3.0
1,0,62,0,1,1,1,0,0,2.0,THIGH,8.0,7.0,0,1,0,0,0,0,1,1.0
0,0,59,0,1,0,1,1,1,3.0,CHEST,4.0,4.0,0,1,0,0,0,0,0,0.0
0,0,83,0,0,0,1,0,0,1.0,LIP,8.0,8.0,0,1,0,0,0,0,0,0.0
0,0,45,0,1,1,0,0,0,2.0,ARM,5.0,3.0,1,0,1,0,1,0,0,2.0
0,0,56,0,1,0,1,1,1,1.0,CHEST,15.0,15.0,1,0,0,0,0,0,1,0.0
0,0,86,0,1,0,1,0,0,2.0,ARM,14.0,12.0,1,1,0,0,0,0,0,2.0
0,0,30,0,1,1,1,1,1,3.0,BACK,15.0,8.0,0,0,0,0,0,0,0,7.0
0,0,27,1,0,0,1,0,0,3.0,THIGH,9.0,5.0,0,0,1,0,0,0,1,4.0
0,1,64,1,0,1,0,1,1,2.0,FACE,10.0,5.0,1,1,1,1,0,1,1,5.0
0,1,70,0,0,0,1,1,1,2.0,FACE,10.0,6.0,1,1,0,1,0,1,1,4.0
0,0,83,0,1,0,0,0,0,2.0,BACK,32.0,28.0,1,0,0,0,0,0,1,4.0
1,0,86,0,1,0,0,1,1,2.0,NOSE,13.0,10.0,1,1,0,0,0,0,1,3.0
0,0,75,1,0,0,1,1,1,2.0,BACK,9.0,6.0,1,1,1,0,1,0,1,3.0
0,0,14,0,0,0,1,0,0,1.0,FACE,7.0,3.0,0,0,0,0,0,0,0,4.0
0,1,54,0,1,0,1,1,1,2.0,ARM,11.0,10.0,1,0,0,0,0,1,1,1.0
0,0,66,0,1,1,1,1,1,4.0,BACK,5.0,4.0,0,0,0,0,0,0,0,1.0
0,0,57,0,1,1,1,1,0,2.0,CHEST,9.0,6.0,1,0,0,0,0,1,1,3.0
0,0,77,0,0,1,0,0,0,2.0,FACE,20.0,12.0,1,1,1,0,0,1,0,8.0
0,0,51,0,1,1,0,0,0,1.0,CHEST,25.0,11.0,1,1,1,0,0,1,0,14.0
0,1,63,0,0,0,0,0,0,2.0,FACE,9.0,6.0,1,0,1,0,0,0,1,3.0
0,0,46,1,0,0,1,0,0,2.0,ARM,8.0,2.0,0,0,0,0,0,0,0,6.0
0,1,54,1,0,0,1,0,0,3.0,CHEST,12.0,10.0,0,0,0,0,0,0,0,2.0
1,1,69,0,0,0,1,1,1,3.0,FACE,6.0,6.0,1,1,0,0,0,1,1,0.0
0,0,69,0,1,0,1,0,0,2.0,FACE,11.0,7.0,1,1,1,1,0,1,1,4.0
0,1,47,1,0,0,0,0,0,2.0,BACK,16.0,10.0,1,1,1,0,0,1,1,6.0
0,0,58,0,0,1,0,0,0,4.0,FOREARM,13.0,13.0,1,1,0,0,0,1,1,0.0
1,0,66,0,1,1,0,0,0,2.0,FACE,17.0,8.0,1,1,0,1,0,1,1,9.0
0,0,91,0,1,0,1,0,0,2.0,FACE,10.0,8.0,1,1,1,1,0,1,1,2.0
1,0,85,0,1,0,1,1,1,2.0,ARM,15.0,10.0,1,1,1,1,0,1,1,5.0
0,0,51,1,1,1,0,0,0,4.0,FACE,9.0,7.0,1,1,1,1,0,0,1,2.0
0,0,81,0,0,1,1,1,0,2.0,FACE,9.0,8.0,1,0,0,0,0,0,1,1.0
0,1,60,0,1,1,0,0,0,2.0,NOSE,5.0,4.0,1,1,0,0,0,1,0,1.0
0,0,55,0,1,1,1,1,1,3.0,CHEST,10.0,10.0,1,1,1,0,1,0,0,0.0
1,1,45,0,1,1,1,1,1,2.0,CHEST,12.0,12.0,1,1,1,0,0,0,1,0.0
0,0,54,0,1,0,1,1,1,1.0,NOSE,10.0,8.0,1,1,0,1,0,1,1,2.0
0,0,42,0,1,1,1,1,1,2.0,FOREARM,9.0,2.0,1,1,1,0,0,0,1,7.0
0,1,48,1,0,1,1,0,0,3.0,FACE,7.0,5.0,1,1,1,0,1,0,1,2.0
0,1,70,1,0,1,0,1,1,2.0,FACE,15.0,11.0,1,1,0,0,0,0,0,4.0
0,0,72,0,1,1,0,0,1,2.0,NECK,6.0,5.0,1,0,0,0,0,0,0,1.0
0,0,43,1,0,0,0,1,1,2.0,EAR,7.0,5.0,1,1,1,0,0,1,1,2.0
0,0,43,1,0,0,0,1,1,2.0,FACE,15.0,13.0,1,1,1,0,0,1,1,2.0
0,1,60,0,0,0,0,1,1,2.0,FOREARM,15.0,15.0,1,1,0,0,0,1,1,0.0
1,1,61,1,0,1,1,0,0,3.0,FOREARM,11.0,8.0,0,1,0,1,0,0,1,3.0
0,1,64,1,0,0,0,0,0,3.0,NECK,20.0,14.0,1,1,1,1,0,1,1,6.0
0,1,40,0,0,1,1,1,1,3.0,CHEST,30.0,25.0,1,0,1,0,1,1,1,5.0
0,0,80,0,1,1,0,1,1,1.0,FACE,10.0,9.0,1,1,1,0,0,1,1,1.0
0,0,73,0,0,1,1,1,1,2.0,FACE,12.0,10.0,1,1,0,0,0,0,1,2.0
0,0,51,0,1,1,0,0,0,1.0,FOREARM,5.0,5.0,0,1,0,0,0,0,1,0.0
0,0,37,1,0,1,1,1,1,2.0,BACK,12.0,7.0,1,1,0,0,0,0,1,5.0
0,0,63,1,0,1,0,0,0,3.0,BACK,14.0,13.0,1,1,0,1,0,1,1,1.0
0,0,71,0,1,0,0,0,1,2.0,FOREARM,10.0,6.0,0,1,0,0,0,0,1,4.0
0,1,54,1,1,0,0,0,0,3.0,THIGH,8.0,7.0,1,0,0,0,0,0,0,1.0
0,1,44,1,0,0,0,0,0,2.0,CHEST,6.0,6.0,0,1,0,0,0,0,0,0.0
1,1,62,1,0,0,0,1,1,2.0,HAND,8.0,7.0,1,0,0,1,0,0,1,1.0
0,0,65,0,1,1,1,0,0,2.0,FOREARM,6.0,5.0,0,1,0,0,0,0,0,1.0
0,0,73,0,1,0,0,1,1,2.0,HAND,18.0,14.0,1,1,0,0,0,0,1,4.0
0,0,73,0,1,0,0,1,1,2.0,HAND,18.0,14.0,1,1,0,0,0,0,1,4.0
0,0,72,0,0,0,0,1,1,3.0,FACE,17.0,14.0,1,1,1,0,1,1,1,3.0
1,0,74,1,0,0,1,1,1,2.0,BACK,19.0,17.0,1,1,1,1,1,0,1,2.0
0,0,68,0,1,1,1,1,1,3.0,FOREARM,17.0,14.0,0,1,0,0,0,0,1,3.0
0,0,51,1,0,1,1,1,1,3.0,CHEST,15.0,7.0,1,1,0,0,0,0,1,8.0
0,0,48,0,1,1,0,1,1,3.0,ARM,12.0,8.0,1,1,0,0,0,0,1,4.0
0,1,56,1,0,0,0,0,1,1.0,FOREARM,10.0,10.0,1,0,1,0,1,0,1,0.0
1,0,49,0,1,0,1,0,0,5.0,NOSE,7.0,6.0,1,0,1,0,1,0,1,1.0
0,0,53,0,1,0,1,1,1,3.0,NECK,18.0,10.0,1,0,0,0,0,0,1,8.0
0,0,66,1,1,1,1,1,1,2.0,FOREARM,29.0,19.0,1,0,0,0,0,0,0,10.0
0,0,51,1,0,0,0,0,0,3.0,HAND,9.0,8.0,0,1,0,0,0,0,0,1.0
1,1,73,0,0,1,0,0,0,2.0,BACK,23.0,18.0,1,0,0,0,0,0,0,5.0
0,1,37,1,0,1,1,1,0,4.0,NOSE,3.0,3.0,1,0,1,0,1,0,0,0.0
0,0,58,1,1,1,1,0,0,2.0,ARM,9.0,4.0,1,0,1,0,1,0,1,5.0
0,0,58,1,0,0,1,0,0,2.0,FACE,6.0,5.0,1,1,1,0,0,1,0,1.0
0,0,77,0,1,1,1,1,1,3.0,FACE,25.0,10.0,0,0,0,0,0,0,1,15.0
0,0,58,1,0,1,1,0,0,1.0,FACE,10.0,7.0,1,1,1,1,1,1,1,3.0
0,0,53,1,1,1,1,1,1,3.0,FACE,10.0,9.0,1,0,0,0,0,0,0,1.0
0,0,68,0,1,0,1,0,1,2.0,NOSE,8.0,5.0,1,1,1,1,1,1,0,3.0
0,0,65,0,1,1,1,1,1,3.0,NOSE,7.0,5.0,0,0,0,0,0,0,0,2.0
1,1,67,1,0,1,0,1,1,4.0,FACE,13.0,10.0,0,1,0,0,0,0,0,3.0
0,0,46,0,1,0,0,1,1,2.0,FOREARM,6.0,5.0,1,0,0,0,0,0,0,1.0
0,0,65,0,0,0,1,1,1,2.0,ARM,10.0,9.0,1,0,0,0,0,0,1,1.0
0,0,80,0,0,0,1,1,1,4.0,FOREARM,7.0,5.0,0,0,1,0,0,0,1,2.0
0,0,77,0,0,1,1,0,0,1.0,NOSE,7.0,5.0,1,1,0,0,0,0,1,2.0
0,0,67,0,1,1,0,1,1,2.0,LIP,17.0,15.0,1,1,1,1,0,1,1,2.0
0,0,66,0,1,0,1,0,0,2.0,ARM,11.0,10.0,0,1,0,1,0,0,1,1.0
1,0,54,1,1,1,0,0,0,2.0,FOREARM,12.0,10.0,1,1,1,1,0,0,1,2.0
0,0,81,0,1,0,0,1,1,3.0,FACE,3.0,3.0,0,0,1,0,0,0,0,0.0
0,1,65,1,0,0,0,1,1,2.0,FOREARM,10.0,8.0,1,1,0,1,0,1,1,2.0
0,0,83,1,0,0,1,1,1,2.0,FOREARM,35.0,15.0,0,1,0,0,0,0,0,20.0
0,0,77,0,1,0,1,0,0,2.0,CHEST,6.0,5.0,1,0,1,0,0,0,1,1.0
0,1,55,1,1,0,0,0,0,2.0,THIGH,16.0,5.0,0,0,0,0,0,0,0,11.0
0,0,79,0,1,0,0,1,1,2.0,HAND,15.0,10.0,0,1,1,0,0,0,1,5.0
0,0,91,1,1,0,1,1,1,1.0,FACE,12.0,10.0,1,1,1,0,1,1,1,2.0
0,0,66,0,1,1,1,0,0,2.0,CHEST,6.0,6.0,0,1,0,0,0,0,1,0.0
0,1,55,1,1,1,1,0,0,2.0,CHEST,9.0,6.0,1,0,0,0,0,0,0,3.0
0,1,27,0,1,0,1,1,1,4.0,ARM,5.0,5.0,0,1,1,0,1,0,0,0.0
1,1,59,0,0,0,0,1,1,2.0,NECK,20.0,15.0,1,1,1,1,0,1,1,5.0
0,0,51,0,1,1,0,0,0,1.0,HAND,25.0,11.0,0,1,0,0,0,0,0,14.0
1,0,66,1,0,1,1,0,0,3.0,EAR,11.0,8.0,1,1,0,0,0,0,0,3.0
0,0,74,0,1,0,0,0,0,2.0,FOREARM,4.0,4.0,0,1,1,0,0,0,0,0.0
1,0,63,0,0,0,0,0,0,2.0,LIP,8.0,7.0,1,0,1,0,1,0,1,1.0
0,0,81,0,1,0,1,1,1,2.0,FACE,15.0,13.0,1,1,1,1,0,1,1,2.0
0,0,80,0,0,0,0,1,1,2.0,NECK,5.0,5.0,1,1,1,0,0,0,1,0.0
0,1,39,1,0,0,1,1,0,2.0,FACE,20.0,14.0,1,1,1,1,0,1,1,6.0
0,0,55,0,1,1,1,1,1,3.0,FACE,10.0,4.0,1,0,1,0,1,0,1,6.0
0,0,58,1,0,0,1,0,0,3.0,NOSE,12.0,6.0,1,0,0,0,0,0,1,6.0
0,0,62,1,0,1,0,0,0,3.0,HAND,10.0,9.0,1,1,1,0,0,1,1,1.0
1,1,54,0,0,0,0,1,1,3.0,BACK,20.0,20.0,1,0,1,0,0,0,1,0.0
0,0,63,0,0,1,1,1,0,3.0,ARM,13.0,11.0,0,0,1,0,0,0,1,2.0
0,0,61,1,1,1,1,0,1,2.0,NOSE,8.0,6.0,1,1,0,0,0,0,1,2.0
0,1,55,0,1,1,1,1,1,3.0,CHEST,5.0,4.0,0,1,0,0,0,0,0,1.0
0,0,65,1,0,1,0,0,0,2.0,CHEST,6.0,4.0,1,1,0,0,0,1,1,2.0
0,0,56,1,1,0,0,1,0,2.0,NOSE,6.0,5.0,0,1,0,0,0,0,0,1.0
0,0,62,1,1,0,0,0,0,2.0,NOSE,5.0,3.0,1,1,1,0,1,1,1,2.0
0,1,79,0,0,1,0,0,0,1.0,HAND,12.0,10.0,1,1,1,0,1,1,1,2.0
0,1,55,1,1,1,1,0,0,2.0,CHEST,9.0,6.0,1,0,0,0,0,0,0,3.0
0,1,67,1,0,0,0,0,0,2.0,THIGH,9.0,7.0,1,0,1,0,1,0,0,2.0
0,0,75,1,1,1,1,0,0,3.0,NECK,25.0,13.0,1,0,1,1,0,0,0,12.0
0,0,78,0,1,1,1,1,1,2.0,CHEST,20.0,18.0,1,1,1,1,1,1,1,2.0
0,0,32,1,1,0,0,0,0,2.0,BACK,13.0,12.0,1,1,0,0,0,1,1,1.0
0,0,53,0,0,0,0,1,1,2.0,THIGH,10.0,8.0,0,0,0,0,0,0,1,2.0
1,1,58,1,0,0,1,1,1,2.0,NOSE,0.0,0.0,1,0,1,0,0,0,1,0.0
1,1,55,1,0,0,0,1,1,2.0,ARM,7.0,7.0,1,1,0,0,0,0,1,0.0
0,0,73,0,1,1,1,1,1,3.0,FOREARM,4.0,3.0,0,1,0,0,0,0,1,1.0
0,0,74,1,1,0,1,1,1,2.0,THIGH,10.0,8.0,0,1,0,0,0,0,1,2.0
0,0,78,0,1,0,0,1,1,2.0,ARM,10.0,6.0,0,1,0,1,0,0,1,4.0
0,0,50,1,0,1,0,1,1,2.0,FACE,11.0,11.0,1,1,0,0,0,0,1,0.0
0,0,73,1,1,1,1,1,0,2.0,FACE,5.0,5.0,1,1,1,0,0,0,0,0.0
1,1,54,0,0,0,0,1,1,3.0,BACK,20.0,20.0,1,0,1,0,0,0,1,0.0
0,1,75,0,0,0,1,1,1,1.0,FACE,10.0,6.0,1,0,1,0,0,0,1,4.0
0,0,77,0,1,0,1,1,1,3.0,FOREARM,11.0,6.0,0,1,1,0,0,1,1,5.0
1,0,86,0,0,0,1,1,0,2.0,FACE,0.0,0.0,1,1,0,0,0,1,1,0.0
0,1,83,0,0,1,0,1,1,2.0,FACE,11.0,9.0,1,1,1,1,0,1,0,2.0
0,0,40,1,1,1,1,1,0,3.0,CHEST,31.0,21.0,1,0,1,0,0,0,0,10.0
1,0,54,0,0,1,1,1,1,3.0,THIGH,15.0,10.0,1,1,0,0,0,0,1,5.0
0,0,62,1,0,0,1,1,1,2.0,FACE,10.0,7.0,1,1,0,0,0,0,1,3.0
0,0,84,0,0,1,1,0,0,2.0,EAR,8.0,5.0,1,1,1,1,0,1,1,3.0
0,0,68,1,0,1,1,1,0,2.0,BACK,16.0,14.0,1,1,0,1,0,1,1,2.0
0,0,75,0,1,1,1,1,1,2.0,CHEST,10.0,9.0,1,1,0,0,0,0,1,1.0
0,0,94,0,1,1,1,1,1,2.0,FACE,20.0,14.0,1,1,0,1,0,1,1,6.0
0,0,55,0,1,1,0,0,0,2.0,FACE,11.0,10.0,0,0,0,0,0,0,1,1.0
0,0,83,1,1,0,1,0,0,2.0,FACE,15.0,5.0,1,1,1,1,0,1,0,10.0
0,1,48,1,0,0,0,0,0,2.0,EAR,8.0,8.0,0,1,0,0,0,0,0,0.0
0,0,71,0,1,0,1,0,0,3.0,CHEST,4.0,3.0,0,0,1,0,0,0,1,1.0
0,0,71,0,1,0,0,1,1,3.0,THIGH,20.0,18.0,0,1,0,1,0,0,1,2.0
0,0,58,1,1,1,0,0,0,3.0,HAND,16.0,13.0,1,1,1,0,0,1,1,3.0
0,0,77,1,0,0,1,1,1,2.0,FOOT,5.0,5.0,1,1,0,0,0,1,1,0.0
0,0,70,1,0,0,0,1,1,1.0,NOSE,10.0,9.0,1,0,0,0,0,0,1,1.0
0,0,90,0,0,0,1,1,1,2.0,FOREARM,11.0,11.0,1,1,1,0,0,0,1,0.0
0,0,80,1,1,0,1,0,0,2.0,FACE,90.0,70.0,1,1,0,0,0,0,1,20.0
0,0,57,0,1,1,1,0,0,3.0,CHEST,17.0,15.0,0,0,1,0,0,0,1,2.0
0,0,46,1,1,0,1,0,0,3.0,HAND,4.0,3.0,0,1,0,0,0,0,0,1.0
0,0,66,0,1,0,1,1,1,4.0,THIGH,15.0,15.0,0,0,0,0,0,0,1,0.0
0,0,78,0,0,1,1,1,0,2.0,FOOT,15.0,10.0,0,1,1,1,1,0,1,5.0
0,0,70,0,0,0,1,0,0,2.0,BACK,10.0,8.0,1,0,1,0,1,0,1,2.0
0,0,83,0,1,1,0,1,0,2.0,THIGH,10.0,8.0,0,1,0,0,0,0,0,2.0
0,0,71,0,1,0,0,1,1,2.0,HAND,8.0,7.0,0,1,0,0,0,0,0,1.0
0,0,79,0,0,0,0,0,0,2.0,FACE,10.0,8.0,1,1,0,0,0,0,1,2.0
0,0,58,1,1,1,1,0,0,2.0,HAND,6.0,5.0,0,1,1,0,0,0,0,1.0
0,0,80,0,0,0,1,1,1,2.0,EAR,15.0,10.0,1,1,0,0,0,0,1,5.0
0,0,71,0,1,1,1,1,0,1.0,FOREARM,15.0,8.0,1,1,1,1,0,1,0,7.0
0,1,71,0,0,0,0,0,0,1.0,HAND,20.0,15.0,1,1,0,1,0,0,1,5.0
0,1,57,1,0,0,1,1,1,2.0,ABDOMEN,16.0,12.0,1,0,1,0,1,0,0,4.0
0,0,63,1,0,0,1,1,1,2.0,BACK,4.0,4.0,0,0,0,0,0,0,1,0.0
0,0,79,1,1,1,1,0,0,2.0,NOSE,13.0,9.0,1,1,1,0,0,0,0,4.0
0,0,75,0,1,1,0,1,1,2.0,BACK,10.0,10.0,1,1,1,0,0,1,1,0.0
0,0,68,0,1,0,1,1,1,3.0,NOSE,4.0,4.0,1,0,0,0,0,0,1,0.0
0,1,51,1,0,1,0,1,1,3.0,CHEST,9.0,7.0,1,0,0,0,0,0,1,2.0
0,0,53,0,1,0,1,1,1,3.0,NECK,6.0,5.0,1,0,0,0,0,0,1,1.0
0,0,78,0,1,0,1,1,1,3.0,FOREARM,8.0,6.0,1,1,0,0,0,1,1,2.0
0,1,70,1,0,0,0,0,0,3.0,FACE,9.0,9.0,1,0,1,0,1,0,0,0.0
0,0,89,0,1,1,1,1,1,2.0,CHEST,9.0,7.0,1,1,0,1,0,1,1,2.0
0,0,71,1,0,0,1,0,0,2.0,ARM,15.0,13.0,1,1,1,1,0,1,1,2.0
1,0,85,0,1,0,1,1,1,2.0,ARM,15.0,10.0,1,1,1,1,0,1,1,5.0
0,0,58,0,0,1,1,1,1,2.0,ARM,17.0,11.0,1,0,0,0,0,0,0,6.0
0,0,64,1,1,1,1,1,1,2.0,FOREARM,16.0,8.0,0,1,1,0,1,0,0,8.0
0,0,57,1,0,0,1,0,0,2.0,BACK,23.0,20.0,1,1,1,0,0,1,0,3.0
0,0,50,1,0,1,1,0,0,2.0,FOREARM,35.0,27.0,0,1,0,0,0,0,0,8.0
0,0,42,0,1,1,0,0,0,1.0,ARM,20.0,12.0,1,1,0,0,0,0,1,8.0
0,0,73,0,1,1,0,0,0,2.0,LIP,18.0,16.0,1,1,0,1,0,1,1,2.0
0,0,73,0,1,0,1,1,1,2.0,BACK,8.0,6.0,0,1,1,0,0,0,1,2.0
0,0,14,0,0,0,1,0,0,1.0,FACE,7.0,3.0,0,0,0,0,0,0,0,4.0
0,0,73,0,1,1,1,1,1,3.0,FOREARM,4.0,3.0,0,1,0,0,0,0,1,1.0
0,0,58,0,1,0,0,1,0,1.0,HAND,11.0,8.0,1,1,1,0,0,0,1,3.0
0,0,64,1,0,0,1,1,1,3.0,NECK,5.0,3.0,0,1,0,0,0,0,0,2.0
0,0,48,1,0,1,0,0,0,2.0,FACE,15.0,14.0,1,1,1,0,0,1,1,1.0
0,0,77,0,1,0,1,1,1,3.0,FOREARM,11.0,6.0,0,1,1,0,0,1,1,5.0
0,0,76,0,1,0,1,0,0,2.0,FOREARM,15.0,17.0,1,1,0,0,0,1,1,2.0
0,0,57,0,1,1,1,1,0,2.0,CHEST,9.0,6.0,1,0,0,0,0,1,1,3.0
0,0,77,0,1,0,0,0,0,4.0,NOSE,15.0,15.0,1,1,1,0,0,0,1,0.0
0,0,73,1,0,1,1,0,0,2.0,FOREARM,15.0,10.0,1,1,0,1,0,1,1,5.0
0,0,73,0,0,1,1,1,1,2.0,FACE,7.0,5.0,1,1,0,0,0,0,1,2.0
0,0,90,0,1,1,1,1,1,2.0,FOREARM,17.0,15.0,1,1,1,1,0,1,1,2.0
0,0,53,0,1,1,1,1,1,3.0,FACE,6.0,5.0,1,1,1,0,0,1,1,1.0
1,0,73,0,1,0,0,1,0,2.0,ARM,18.0,8.0,1,1,1,0,1,1,1,10.0
0,0,54,0,1,1,0,1,1,3.0,CHEST,6.0,4.0,1,1,0,1,0,1,1,2.0
1,1,60,1,0,1,0,1,1,1.0,FOREARM,15.0,15.0,1,1,0,1,0,1,1,0.0
0,0,56,0,1,0,0,0,0,2.0,FACE,12.0,11.0,1,1,1,0,0,0,1,1.0
0,1,45,1,0,1,1,1,1,3.0,NECK,7.0,5.0,1,1,1,0,1,0,1,2.0
0,1,80,1,0,0,1,1,1,2.0,FACE,12.0,8.0,0,1,0,0,0,0,0,4.0
0,0,61,0,0,1,0,0,0,3.0,BACK,2.0,2.0,0,0,0,0,0,0,1,0.0
0,1,88,1,0,1,1,1,1,2.0,FACE,15.0,13.0,1,1,0,1,0,1,1,2.0
0,0,80,0,1,1,0,1,1,1.0,FACE,4.0,4.0,1,0,1,0,0,0,1,0.0
0,0,47,1,0,0,0,1,0,2.0,CHEST,22.0,15.0,1,1,1,0,0,1,1,7.0
0,0,57,0,0,0,1,1,1,3.0,FACE,6.0,6.0,1,1,0,0,0,0,0,0.0
0,0,83,0,1,0,0,1,1,2.0,HAND,9.0,7.0,1,1,0,0,0,0,1,2.0
0,0,32,0,1,1,0,1,1,2.0,THIGH,7.0,7.0,0,1,1,0,1,0,0,0.0
0,0,70,0,1,0,0,1,1,3.0,ARM,10.0,6.0,0,0,1,1,1,0,1,4.0
0,1,51,1,0,1,1,1,1,3.0,CHEST,10.0,9.0,1,1,0,1,0,1,1,1.0
0,0,58,1,1,1,0,0,0,3.0,HAND,6.0,5.0,1,1,1,0,0,1,1,1.0
0,0,53,1,1,0,1,0,0,2.0,BACK,10.0,9.0,1,1,1,1,0,1,1,1.0
0,0,91,1,1,0,1,1,1,1.0,FACE,12.0,10.0,1,1,1,0,1,1,1,2.0
0,0,64,1,1,0,1,0,0,2.0,CHEST,9.0,6.0,1,1,1,1,1,0,1,3.0
0,1,80,1,0,0,1,1,1,2.0,CHEST,3.0,2.0,0,1,0,0,0,0,1,1.0
0,0,73,0,1,0,1,1,1,3.0,FACE,7.0,6.0,1,1,1,1,0,1,0,1.0
0,0,32,1,1,0,0,0,0,2.0,BACK,13.0,12.0,1,1,0,0,0,1,1,1.0
0,0,69,0,1,1,1,0,0,2.0,FACE,16.0,11.0,0,0,0,0,0,0,0,5.0
0,1,38,1,1,0,1,0,0,2.0,EAR,13.0,8.0,1,1,1,0,0,1,1,5.0
0,1,51,1,0,0,1,0,0,2.0,FOREARM,17.0,15.0,0,1,1,0,0,1,1,2.0
0,0,73,0,0,1,0,0,0,2.0,CHEST,15.0,14.0,1,0,0,0,1,0,0,1.0
0,1,74,0,0,1,1,0,0,3.0,NOSE,10.0,8.0,1,1,0,0,0,1,1,2.0
0,0,85,1,1,1,0,1,1,2.0,NOSE,11.0,13.0,1,1,1,0,0,1,0,2.0
0,0,57,1,1,1,1,0,1,2.0,BACK,3.0,3.0,0,1,1,0,0,0,1,0.0
0,0,49,1,0,1,0,1,1,3.0,NOSE,14.0,9.0,1,1,1,1,0,1,1,5.0
0,1,51,1,0,0,1,1,1,2.0,THIGH,50.0,48.0,0,1,0,0,0,0,0,2.0
0,1,78,0,0,0,1,0,0,2.0,FOREARM,13.0,10.0,1,1,1,1,0,1,1,3.0
0,0,60,0,1,0,1,0,0,3.0,CHEST,6.0,5.0,1,1,0,0,0,0,1,1.0
0,0,58,0,0,1,0,0,0,4.0,LIP,11.0,10.0,1,0,1,0,0,0,1,1.0
1,0,48,1,0,0,0,0,0,1.0,BACK,8.0,5.0,0,1,0,0,0,0,0,3.0
0,0,70,1,0,0,0,1,1,2.0,FOREARM,10.0,10.0,0,1,0,0,0,0,0,0.0
0,0,81,0,1,0,1,1,1,2.0,FOREARM,17.0,10.0,1,1,0,1,0,1,1,7.0
0,0,47,1,1,1,0,0,0,3.0,FACE,13.0,9.0,0,1,1,1,1,0,1,4.0
0,0,61,1,0,0,1,1,0,2.0,FOREARM,15.0,9.0,1,1,1,1,0,1,0,6.0
1,1,84,0,0,1,0,0,0,2.0,NOSE,7.0,7.0,1,1,0,0,0,0,1,0.0
1,1,68,0,0,1,1,0,0,2.0,FOREARM,10.0,8.0,1,1,1,0,0,0,1,2.0
1,0,71,1,0,1,0,1,0,2.0,LIP,5.0,5.0,1,0,0,0,0,0,1,0.0
0,0,55,0,0,1,0,1,1,3.0,FOREARM,15.0,10.0,0,1,1,0,0,1,1,5.0
0,0,60,0,1,0,1,1,1,2.0,NOSE,5.0,5.0,1,0,0,0,0,0,1,0.0
0,1,60,1,1,1,0,0,0,2.0,FACE,4.0,2.0,0,0,0,0,0,0,0,2.0
0,1,70,0,0,0,0,0,0,2.0,CHEST,18.0,13.0,1,0,1,0,0,0,1,5.0
0,0,20,1,1,0,0,0,0,4.0,BACK,4.0,2.0,0,0,0,0,0,0,1,2.0
0,0,75,0,0,1,0,1,1,2.0,FOREARM,40.0,34.0,1,0,1,0,0,0,0,6.0
1,0,66,0,0,1,0,1,1,2.0,EAR,20.0,15.0,0,1,0,1,0,1,1,5.0
0,0,41,1,0,0,0,0,0,2.0,FACE,9.0,5.0,1,1,0,1,0,1,1,4.0
0,0,43,1,1,1,1,0,0,2.0,FACE,9.0,5.0,1,1,0,0,0,1,1,4.0
0,0,55,0,1,1,1,1,1,3.0,CHEST,13.0,12.0,1,1,1,0,1,0,0,1.0
0,0,58,1,1,1,1,0,0,3.0,FACE,5.0,4.0,1,1,0,0,0,0,1,1.0
